1 4090 
2 733 
3 1427 
4 2780 
5 1429 
6 1429 
7 1429 
8 3294 
10 4060 5219 
11 1387 
12 2833 
15 3124 
16 104 
17 4976 
20 1659 
21 80 1530 2022 7620 8322 
22 1005 
23 314 
24 0 412 1038 1856 2827 3138 6649 
27 1094 
30 225 1410 2429 
31 4372 
32 5298 
33 2768 3341 
34 8164 
36 3694 
38 461 
40 4976 
41 1874 
42 2618 
43 1452 3121 
44 3738 
45 4235 
46 2115 
47 4326 
48 815 
49 497 
50 1465 
52 949 
53 4200 
55 3400 
56 2831 
57 1427 1975 3528 
58 436 
59 242 
60 3883 
63 2269 
64 3916 
65 6199 
67 2038 
68 446 
69 5027 
70 10387 
72 3883 
73 3883 
74 30 
76 2097 
77 427 4750 
78 2876 
80 1965 
81 1965 
83 4215 
84 1340 
85 11397 
86 2297 
87 3761 
89 813 
91 133 373 1899 2296 2914 3079 3108 4316 4356 4528 5676 9453 9823 
92 133 215 383 457 1269 2858 2893 3014 3108 3131 4280 4316 4782 5164 7301 11164 
93 215 551 2529 3014 3108 4316 4781 
94 3793 
95 6497 
96 3323 
97 4305 
98 4325 
100 2383 2672 
101 4303 
102 7997 
103 3791 
105 908 
108 1229 
109 1996 
111 2198 
115 9162 
116 10076 
118 2602 
119 6723 
120 3174 
122 3833 
124 8627 
126 7135 
127 2180 
128 2180 
129 6844 
130 560 
131 3119 
132 1969 
133 10384 
134 2965 
136 2965 
137 2607 
139 895 
142 2266 
143 871 
144 7527 
145 4237 
147 4237 
149 2307 
150 4237 
151 7093 
152 985 992 1353 9321 
153 2962 
155 4382 
156 1426 
158 1880 3334 
159 1429 
160 1253 
162 4443 
164 1619 
165 1078 
167 2834 
168 3415 
169 1145 
170 9119 
171 1155 
172 3893 
173 1155 
175 2309 
177 243 
180 2157 
181 1576 1578 1689 1898 1908 2115 2252 2776 3024 3228 3423 3879 4103 4177 4498 5472 6187 8666 
182 1880 1881 12122 
183 1389 
184 1855 
185 3844 
186 62 
187 4209 
188 11015 
189 3967 
192 1577 
194 4976 
195 6321 10631 
196 6276 
198 823 824 
200 816 
201 816 
202 813 814 
203 6530 
205 677 6364 11377 
207 2523 
208 4232 
210 828 
212 2301 
213 2200 2309 
215 2301 
216 3149 
218 828 
220 815 
221 959 
222 981 
223 4238 
224 2689 
225 3764 
226 1293 5801 
228 3604 4239 6476 
230 1336 
231 1337 
232 4789 
233 2515 
234 51 
235 11164 
238 8439 
239 8690 
240 2340 
241 2965 
243 4516 
245 830 
246 3552 3592 
247 4263 
248 553 655 845 1429 2101 2104 2296 
249 5164 
250 3334 
252 3120 
253 984 2706 
255 1298 3228 
256 4177 
257 6454 
258 8125 10954 11544 
260 6791 
262 1938 
263 955 
264 1968 
265 2476 
268 497 
269 1831 
270 4176 
272 4298 
275 3841 
276 4241 
277 5465 
279 936 
280 1141 
282 8110 
284 8555 
285 1010 
286 8 226 1289 1607 2206 2349 
287 228 
288 2297 2305 2311 
290 10467 
291 2897 4176 4177 6507 
292 2404 
294 9391 
295 2541 
296 9290 
297 75 121 1665 2827 
298 3720 
300 4372 
301 3616 10467 10904 
302 1221 3174 8958 
305 1426 4127 8458 9063 9963 
306 555 3411 5334 
307 1565 
308 164 
313 1461 
315 3800 4692 6378 7281 7600 7723 
316 4067 
317 3841 
318 3078 
319 8790 
321 4722 
322 1426 
323 2115 
324 7487 
325 2965 
328 1619 
329 1151 
331 1619 
332 1638 5939 
333 1427 1429 
335 9626 
339 815 
343 240 1107 6523 7218 
344 1471 
346 3401 
349 2687 
352 13 
353 321 
355 1387 
356 835 
357 2687 
358 2871 3565 
359 441 4984 7943 
360 3401 
361 678 
363 6991 
364 8540 
365 4516 5164 
367 3415 
368 834 
370 815 
371 3860 
372 1198 1315 4293 
373 1035 
374 3191 
375 2315 2316 2318 
376 2686 
377 2607 
379 3401 
380 7251 
381 825 826 
382 5484 
384 1139 
385 2229 
386 1114 9178 
387 2685 
390 3294 
391 2309 
392 2390 
393 1842 
394 40 
395 4434 
397 6273 
399 2779 
400 3565 
402 6130 
404 1240 
405 921 
406 1427 
408 5803 
411 399 2022 
412 2675 
414 3747 
415 3749 
416 9594 
417 2901 
418 2965 
419 1496 
421 813 
423 813 814 
425 11198 
429 517 813 2404 
430 1340 
431 655 959 2902 2957 3108 
432 2302 2311 
433 2312 
435 3764 
436 3347 3348 4018 
438 3793 
439 3759 
440 9026 
441 2619 
443 81 2466 4161 
445 1040 
446 4216 
448 2339 
452 2245 
453 503 
455 3399 
456 1593 2477 3565 6723 
457 3565 
458 3355 
459 3941 
460 6899 
461 1605 
462 11164 
463 8442 
464 3122 
465 3309 6503 
468 1634 
470 5075 
471 2442 
472 2442 
473 215 
475 1634 
476 817 
477 5634 
479 1856 4448 
480 1856 
481 2735 3982 
482 1938 
483 9963 
484 2363 
485 457 
486 1877 
488 2383 
489 250 304 441 655 845 2614 3401 4835 6491 
490 3336 
491 133 
492 1405 
493 841 
494 3767 
495 2394 
496 2567 
498 251 
499 1875 
500 4209 4212 11990 12016 12050 
502 640 
504 2301 
505 3616 
506 3615 
507 2145 
508 3528 
509 2122 2798 6983 7218 7965 
510 3120 
511 3120 
512 4503 
513 2602 
514 882 
515 11377 
517 1881 
518 3134 
522 2685 
523 4175 
524 842 1140 4116 7360 
525 3108 
526 1387 
528 3528 
529 6237 
531 4014 
532 190 
534 3774 4120 9716 
535 5320 
536 497 
538 815 
540 815 
541 9026 
543 2312 
544 836 
545 1387 
546 1253 
547 4750 5331 
548 1965 
549 1613 
550 9164 
551 1965 
552 5331 
553 5331 
556 120 949 1586 6895 
558 1427 
559 4251 5801 
561 1345 1357 1818 2639 
562 1350 
564 1975 2858 3401 5524 
565 2981 3294 4710 5087 5754 7901 
566 4253 
567 503 
568 739 985 5528 
569 2618 
570 1288 2827 
571 1140 
572 1094 
573 4352 
574 4352 
575 1426 
576 1563 
577 393 
578 4355 
579 3565 
580 10384 
581 6523 
585 194 559 10079 
586 1654 
587 1962 
588 4718 
590 2254 
591 4474 
593 2962 
594 2551 
598 2682 
599 2300 2308 
600 1625 4516 
601 11377 
602 4516 
604 10519 
605 2650 
607 9164 
609 815 
610 4750 
611 11659 
612 7955 
615 9290 
616 5244 
617 22 
618 23 
619 25 
623 1009 
624 1005 
625 1007 
626 2485 
628 3038 3466 
629 1410 
630 3178 
631 1240 
632 4390 
633 2484 2891 
634 4393 
635 1973 
636 1006 
637 1594 
638 1858 
639 8554 
640 3191 
642 819 
643 4669 
644 1799 
648 781 
649 5855 
652 8943 
653 8 
657 2965 
658 11593 
659 3998 
661 1429 
662 232 
664 295 
665 3024 
668 3519 11469 
670 5921 
671 115 
672 7302 
673 3405 7564 
674 309 
675 8169 
677 8554 
678 399 1593 5170 
679 375 376 4749 7672 8194 9358 9587 10195 10542 10659 11057 
680 2545 3578 
681 2073 2128 4065 
683 9115 
684 9155 
685 11468 
686 355 
688 2984 
689 10543 
691 6050 
692 706 3767 
693 10361 
694 10361 
695 3053 
698 1553 4718 
699 440 551 985 1298 1308 2914 3108 3257 
700 3172 
702 869 
703 2383 
704 511 
708 1879 1880 
709 2402 
711 1012 
712 3038 3041 3044 3461 3466 
713 1308 
714 8031 
715 2701 
716 732 
717 1137 
718 5625 8458 
720 3415 
721 3040 
722 2339 
723 815 
724 1336 
725 2304 2313 
726 301 
727 6850 10195 
728 758 
729 10977 
730 801 
731 466 
733 3150 
734 949 1586 4153 8610 10732 
735 6424 
736 9817 
737 9817 
738 2490 
740 1989 
742 8533 
743 5420 
745 8110 
746 11569 
748 5219 
749 6101 
751 6968 
753 4232 
754 958 
755 958 
757 3881 6448 
758 6596 11890 
759 5861 
761 10445 
762 1619 1620 
764 4705 
765 4392 
766 4176 7218 
767 4498 
768 2400 
769 1156 
770 5226 
771 1133 
773 437 
774 3846 
776 2496 
777 1031 
778 8156 
779 4914 
781 6084 
782 10829 
783 8408 
784 2014 
787 6321 
790 949 
791 657 
792 4509 
794 3156 
795 5487 
796 1331 
799 8460 
800 3350 
801 6539 
802 828 2570 
803 2200 2325 2330 2333 
804 3149 
805 2325 2330 2333 
806 2172 2200 
808 5451 
809 2891 5166 
811 2382 
812 1350 
813 1351 
814 1354 
815 1367 
816 1368 
817 1366 
818 3877 
819 289 
821 835 
822 10494 
823 4750 
824 4505 
825 2283 
832 152 
833 1390 
834 2270 
836 1547 
837 1545 
838 1554 
839 1627 
840 1626 
841 1626 
842 1626 
844 1569 
845 1569 
846 5624 
847 10253 
850 1682 1683 
853 4723 
854 1574 
855 1321 1322 1323 
856 9472 
857 1760 
859 1523 
860 1523 
862 118 
864 3472 
866 3060 
867 3886 
869 1993 
870 7621 
871 3504 
873 11983 
876 1356 
878 1613 
879 9556 
881 419 1856 
882 1855 1857 6305 
883 10851 
884 2055 
885 4034 
887 5686 
891 2639 
893 10494 
894 6147 
895 11216 
896 4749 
897 9050 
898 9529 
899 872 
902 797 
904 2363 
905 2396 
906 5883 
907 5890 
909 7636 
911 8463 
913 4996 
914 217 
915 6938 
917 4103 
918 134 
919 9561 
920 2244 
926 1613 
928 1634 
930 4242 9028 
931 4242 
932 7212 
933 8125 10954 11544 
934 1118 
935 7591 
936 3764 
939 2 
940 2216 
941 9705 
942 11129 
944 7297 
945 4159 
947 705 
948 2924 
949 2543 
952 1085 
953 4714 
956 4070 
957 7222 
958 2325 
961 4280 
962 1894 
963 9225 
964 7721 
965 1190 
966 2420 
967 10899 
968 13 8123 
969 6213 
971 6898 
972 2383 
974 10983 
977 381 1086 
978 9169 
983 11474 
984 4896 
985 3844 
986 3353 
987 282 
989 3598 
991 977 
992 1076 
993 2471 
994 2651 
995 358 
996 2661 
999 9983 
1001 2727 
1002 12210 
1004 2702 
1005 1070 
1006 2737 2752 2760 7118 7704 8427 9355 10232 10605 
1007 3790 
1008 2590 2591 5939 
1009 9367 
1010 9367 
1012 8803 
1013 3829 
1016 1676 
1024 8450 
1025 736 748 
1026 3953 
1027 1630 
1028 3953 
1029 3953 
1031 4773 
1032 3826 
1033 1399 
1034 827 
1035 6647 
1036 4773 
1037 710 
1038 11469 11686 
1039 2220 5801 
1040 2178 
1041 2598 
1042 10381 
1043 4694 11694 
1045 619 
1046 874 
1047 873 
1048 6932 
1049 180 
1050 40 4327 8802 
1053 766 
1054 2014 
1056 857 1086 2738 2745 2754 2756 4104 10232 10730 
1057 2743 
1058 3372 
1059 1156 
1060 2843 
1061 2844 
1063 4103 
1064 6378 
1065 3233 
1066 2775 
1068 2816 6723 
1070 783 
1071 2871 
1073 6643 
1074 4736 
1077 1749 
1078 457 
1079 3349 
1080 1613 
1082 3735 
1083 5834 
1085 9594 
1086 1682 
1087 2888 
1088 4436 
1090 813 814 
1092 3528 4316 6491 
1093 2571 
1094 5986 
1095 4961 
1097 487 
1099 8715 
1100 125 
1103 2296 
1104 2169 
1105 7715 
1106 4316 
1108 5340 
1109 4165 
1110 2664 
1112 4708 
1113 4770 
1114 1993 
1115 10816 
1116 174 
1119 3452 
1120 3067 
1123 395 
1124 2166 
1125 8123 
1126 1605 
1129 1605 
1132 11123 
1133 3125 
1134 2220 
1135 4474 
1136 9426 
1137 9426 
1138 8019 
1139 4449 
1140 3914 
1142 1991 
1143 3766 3767 
1144 35 
1146 1013 
1147 1074 
1148 251 
1149 748 
1150 6137 
1152 872 
1153 428 
1154 968 
1159 2971 
1161 8384 
1163 2484 
1164 3040 3089 
1165 3038 3464 
1166 9129 
1167 2843 
1168 7302 
1169 343 
1170 121 1038 3560 
1171 131 
1173 8556 
1176 3588 
1178 2914 
1179 1459 2962 
1180 10976 
1181 2876 
1182 5420 
1183 1854 
1184 10976 
1185 7172 
1186 3841 3860 
1188 7636 
1189 235 
1190 7276 
1191 7258 
1193 2822 
1195 683 
1196 1071 
1197 6192 
1199 7244 
1200 7276 
1201 6942 
1204 4024 
1205 3953 
1206 8657 
1208 815 
1209 299 
1210 7012 
1211 4687 
1212 3761 
1213 11466 
1214 4097 
1215 5333 
1217 1646 
1218 1853 
1219 2279 
1222 2186 2199 
1223 6427 
1224 1132 
1225 4253 
1227 4330 
1228 3028 
1231 11828 
1233 2383 5958 
1235 3401 
1237 6730 
1238 1769 2556 2607 3177 
1239 1498 
1240 4152 
1241 1373 
1242 1968 
1245 2704 
1246 4453 9532 
1247 4454 
1248 5835 
1253 7143 
1254 7378 
1256 1601 
1257 4370 
1258 11407 
1260 1199 
1263 836 
1264 4515 
1265 354 
1266 2375 
1267 5885 
1269 4518 
1271 4522 
1273 1043 
1275 1306 
1277 1308 
1278 2546 
1279 11092 
1280 770 
1281 126 
1282 3618 
1283 1464 
1284 1464 
1285 2510 
1286 7026 
1287 1041 
1288 250 
1290 502 
1292 8876 
1294 3999 
1295 6451 
1297 4155 
1300 4285 
1301 11092 
1302 1819 
1303 1084 
1308 6741 
1309 10459 
1310 4913 
1311 4491 
1312 4913 
1313 6513 
1314 1464 
1316 1972 
1317 3896 
1318 4869 
1319 1563 
1320 10747 
1321 1099 
1322 1372 
1323 2108 
1324 11092 
1325 4956 
1328 8855 
1329 5458 
1330 1819 
1331 356 
1332 3618 
1334 502 
1335 2904 
1337 4115 
1338 8037 
1339 8865 
1342 11621 
1345 1079 
1348 4763 
1349 1464 
1351 770 
1352 2892 
1353 2953 
1354 3084 
1355 10992 
1356 3844 
1358 4764 
1359 502 
1360 9544 
1361 6798 
1362 2459 
1363 7459 
1364 1478 
1365 1478 
1366 5155 
1367 250 
1368 221 
1370 4913 
1373 3071 
1376 4079 
1377 2510 
1378 9285 
1379 1435 
1380 1435 
1381 1726 
1382 1819 
1384 10237 
1386 1435 
1391 454 
1396 4550 
1397 4890 
1399 2886 
1402 7619 
1403 3618 
1404 1563 
1405 4520 
1406 3678 
1407 3632 
1408 4577 
1409 1591 
1410 1089 
1411 11912 
1412 123 
1414 4223 
1415 4765 
1417 4398 
1419 4491 
1420 356 
1421 821 
1422 171 
1423 11 
1425 4397 
1428 1099 
1429 4155 
1430 2809 
1431 2809 
1432 1618 
1433 286 
1434 6211 
1435 726 
1436 2320 
1437 7635 
1438 3678 
1439 1584 
1442 3618 
1443 2320 
1445 1464 
1446 352 
1447 3218 
1450 7633 
1451 363 
1452 1084 
1453 1192 
1454 2736 
1455 1412 
1456 5765 
1457 9236 
1458 1464 
1459 3085 
1460 979 
1463 4547 
1464 2320 
1468 7619 
1469 284 
1470 7816 
1471 627 
1472 2428 
1473 4913 
1474 11092 
1475 2227 
1476 3742 
1477 3017 
1481 352 
1482 5836 
1483 11092 
1484 5765 
1485 6724 
1486 1479 
1487 7051 
1488 356 
1490 1837 
1491 2052 
1492 1099 
1493 1254 
1496 9052 
1497 2736 
1498 10144 
1499 3342 
1500 1067 
1501 4890 
1505 4762 
1506 3999 
1508 3158 
1509 3017 
1510 250 
1512 3710 
1513 2510 
1514 2108 
1515 1625 
1516 3158 
1517 250 
1518 3796 
1520 4491 
1525 4047 
1527 8482 
1528 3415 
1530 2704 
1531 3334 
1533 5273 
1536 2957 
1538 4930 
1541 1291 
1542 9716 
1543 1199 
1546 5692 
1547 832 
1548 2687 
1551 2073 
1552 3355 
1553 1613 
1558 55 
1560 9624 
1563 5316 
1564 739 
1566 1308 
1567 5219 
1569 874 
1570 9473 
1571 2509 
1574 1450 2251 
1576 7146 
1577 3078 
1578 100 1911 2127 2658 3779 4424 4692 7723 
1579 3337 
1580 489 
1581 7841 
1582 2220 
1583 900 
1584 4681 
1587 191 
1589 2987 
1590 2297 2311 
1592 833 
1593 11356 
1594 1156 
1595 10488 
1596 9735 
1597 1068 
1598 4666 
1600 2309 
1601 322 
1602 499 
1604 5410 
1605 9202 
1606 5493 
1607 2466 
1610 5740 
1612 9148 
1614 2226 
1615 10072 
1618 908 
1619 3825 
1621 2704 
1622 2779 
1623 9566 
1624 158 1350 2827 3303 
1625 1069 
1626 5333 
1628 326 
1629 955 
1630 561 
1631 11615 
1632 5270 
1634 3156 
1635 6029 
1636 3504 
1637 736 746 747 
1638 1559 
1639 2032 
1642 2090 
1643 3599 
1644 1927 
1645 4204 
1646 1619 
1647 903 
1648 3883 
1651 2366 
1652 6527 
1653 9412 
1655 561 565 689 1330 2279 2398 2845 4707 4778 7261 8195 
1656 1447 
1657 2638 2639 2652 
1658 8211 
1659 119 2487 3024 3206 3228 3373 3856 4419 4421 4855 7962 10699 
1660 1302 
1662 2682 4306 4326 
1663 4875 
1664 3138 
1666 4283 
1667 10358 
1670 2404 
1674 4988 
1676 836 
1677 10604 
1679 1614 
1680 503 
1681 1480 
1683 7822 
1684 4944 
1685 10775 
1686 2486 
1687 2317 
1688 274 
1689 1474 
1690 5075 5133 
1691 10307 
1693 9291 
1694 7339 
1695 1471 
1696 5835 
1697 1783 
1698 2579 
1701 1072 
1703 2369 9179 
1704 3221 
1705 6928 
1707 314 
1708 1447 
1709 1578 
1710 4450 
1711 774 4662 
1712 1619 
1715 8286 
1717 7601 
1718 8802 
1719 11613 
1720 1427 
1722 4774 
1724 400 466 1857 6305 9805 
1726 7774 
1728 5011 10902 
1730 9760 
1731 6506 
1732 395 
1733 4358 
1734 1377 
1735 5889 
1737 7079 
1741 3279 
1742 3505 9179 
1743 5716 
1745 2687 
1748 1284 
1752 11326 
1753 5112 
1754 7196 
1755 3761 
1758 1227 5143 5144 5146 
1759 1831 
1760 1831 
1762 832 833 835 4247 
1763 4470 
1764 1427 
1765 4351 
1767 8 225 
1768 13 
1771 1829 1830 
1773 5287 
1776 2273 
1777 3097 
1778 2965 4850 
1779 984 2965 3120 
1782 4228 
1785 5007 
1786 3824 
1787 858 
1789 2115 2547 
1791 1387 
1793 2091 
1794 6663 
1795 3259 
1796 5124 
1797 9829 
1798 728 
1800 3248 
1801 7258 
1803 5783 
1804 11156 
1806 2604 
1809 3754 
1810 5221 
1811 10828 
1812 2597 
1813 3128 
1814 11072 
1815 8146 
1816 9717 
1817 4148 
1819 3892 
1820 44 
1821 2619 
1822 1063 
1823 3721 
1824 10609 
1825 8524 
1826 835 
1828 10039 
1829 7360 
1830 11891 
1831 1988 
1832 7405 
1833 8848 
1834 3279 4859 
1835 11103 
1837 2529 3277 
1839 3859 
1840 2992 
1841 2687 
1842 1221 2602 
1844 2238 
1846 6587 
1847 4976 
1848 3401 
1849 9202 
1851 3302 
1852 1304 
1853 3792 
1855 8610 
1856 10645 
1857 10854 
1859 1936 
1860 3524 4984 
1863 3967 
1864 2650 
1866 2383 
1868 1155 
1873 7377 
1874 237 
1876 1461 
1879 7543 
1880 1585 1629 
1881 9272 
1882 1897 
1883 6611 
1884 6703 
1885 4145 
1886 2976 
1889 7568 
1890 5657 
1891 9026 
1892 559 
1893 1501 
1894 2252 4103 
1896 10077 
1898 6533 
1899 2703 
1900 8943 
1901 2106 
1902 3320 
1905 4311 
1906 8823 
1912 9360 
1913 2901 5865 
1915 7367 
1917 3334 
1918 4354 4355 
1919 6886 
1921 10900 
1924 2279 3013 3791 3792 
1929 1142 
1931 1433 
1933 626 
1934 5356 
1935 6679 
1936 3791 3792 3793 
1938 5572 
1939 10566 
1940 4390 
1941 2570 
1942 11362 
1946 2053 
1947 10830 
1948 10511 
1950 7621 
1951 7101 
1952 1603 
1953 3598 
1954 8005 
1956 10384 
1959 9350 
1960 8940 
1963 2586 2780 3401 
1964 9035 
1966 1538 
1967 8943 
1968 9556 
1969 8539 
1970 4015 
1971 551 
1972 99 
1974 9149 
1976 8156 
1977 3746 
1978 975 
1979 4354 
1981 774 
1982 42 
1985 6990 7369 8169 8725 8758 
1986 2943 
1989 10942 
1990 244 
1992 7689 
1993 9321 
1994 3596 
1995 3596 
1997 9641 
1998 1730 
1999 875 
2000 4944 
2001 399 
2002 2410 9129 
2003 828 
2004 4237 
2005 2264 
2010 1299 
2011 2306 
2012 3956 
2013 3485 
2015 5236 
2016 767 
2018 2404 
2020 1040 
2022 1154 
2023 7725 
2024 2602 
2027 509 
2029 3013 
2030 7183 
2032 8031 
2033 4711 
2035 2602 
2036 3756 
2037 366 1288 
2038 9611 
2040 2779 3430 6721 
2041 2602 
2043 6085 
2044 2703 
2045 3355 
2046 8033 
2048 6998 
2049 3894 
2050 7299 
2051 2697 
2052 5905 
2053 1596 
2054 8166 
2057 10853 
2058 10078 
2059 7068 
2060 421 
2062 1566 
2063 38 
2064 753 2055 2072 3911 7580 
2065 1569 
2066 11081 
2067 1507 
2070 655 1769 3401 
2071 7774 
2072 1125 
2073 6134 
2074 3823 
2075 9339 
2077 1498 
2081 1380 
2084 3491 
2085 394 
2086 4935 
2087 5571 
2090 2511 
2091 4949 
2092 1387 
2093 8031 
2094 3524 
2095 3524 
2096 2685 
2097 116 
2099 3859 
2101 8567 
2102 617 
2103 5072 
2104 8174 
2105 1315 1351 2356 2410 3363 4383 4661 11864 
2106 11098 
2107 2662 
2108 4237 
2110 1443 
2112 4283 
2115 5824 
2116 1873 
2117 11713 
2118 6128 
2119 6636 
2120 5958 
2121 4782 
2124 8154 
2126 9541 
2127 1044 
2128 1106 
2129 6374 
2132 10825 
2133 308 
2135 11357 
2136 2476 
2138 2692 
2139 2691 
2141 3750 12012 
2142 9475 
2145 5093 
2146 4360 
2147 8789 
2148 815 
2149 4369 
2152 9438 
2153 874 
2155 5319 
2156 2180 
2157 2618 
2162 994 
2163 736 747 
2164 747 2660 
2165 601 
2166 4238 
2167 593 594 2118 
2168 4516 
2169 10983 
2171 436 
2172 9776 
2173 1821 1822 
2176 3129 
2177 669 
2178 2329 
2179 8324 
2180 9823 
2181 5126 
2182 640 
2183 10099 
2185 2072 4209 
2187 830 
2189 11353 
2190 4358 
2191 4973 
2192 2306 
2193 5502 
2194 4238 
2197 9348 
2199 2715 
2201 5740 
2202 6491 
2203 11776 
2204 194 
2208 9462 
2210 6147 
2211 2556 
2212 10522 
2213 3946 
2214 3228 
2215 2301 
2216 11213 
2217 975 2122 3774 3776 7580 
2219 2258 
2223 815 
2226 6938 
2227 2072 11369 
2229 990 
2230 472 
2232 1429 
2234 9054 
2236 2264 
2237 2245 
2238 5587 
2239 3754 
2240 4546 
2242 11492 
2243 9337 
2244 836 
2245 3206 
2246 904 
2247 2705 
2249 5379 
2251 2354 
2252 1855 
2253 8100 
2254 9231 
2255 6421 
2257 10709 
2258 3504 
2260 5916 
2261 56 
2262 2195 
2263 2296 
2264 2166 
2266 1291 
2267 24 
2268 1645 
2269 4750 
2271 3919 
2274 7174 
2275 1037 
2277 426 
2278 8297 
2280 11519 
2284 6504 
2285 2383 
2288 8653 
2289 596 
2290 4239 
2292 6895 
2293 9587 
2294 9587 
2296 10676 
2297 11088 
2298 2833 
2299 4839 
2300 11898 
2303 3029 
2304 6336 
2305 9273 
2306 142 
2307 9482 
2311 9147 
2312 10285 
2313 7421 
2314 6958 
2315 9854 
2316 6116 
2319 357 
2320 6678 
2321 7611 
2325 4239 
2327 2073 2124 
2328 901 
2329 901 
2330 8731 
2331 6137 
2333 3592 
2334 3911 
2335 6523 
2336 8157 
2337 4329 
2339 7632 
2341 10293 
2342 3294 
2343 7654 
2345 5846 
2346 4879 
2349 2166 
2352 12081 
2353 1006 
2355 1356 
2356 3121 
2357 9063 
2358 3698 
2359 11444 
2360 1305 
2361 4377 
2362 6089 
2364 10195 
2365 1855 
2366 1415 
2367 1965 
2368 8756 
2369 7751 
2370 3995 
2371 6064 
2372 6860 
2373 676 
2375 1301 
2377 618 
2378 4063 
2379 6581 
2381 7434 
2382 7725 
2383 3400 
2384 1633 
2386 1601 
2388 3608 
2389 10864 
2390 3821 
2392 10 
2394 617 
2396 11338 
2398 1306 
2399 9065 
2400 4265 
2402 2410 
2403 7549 
2404 2529 
2405 1261 
2406 3553 
2407 7569 
2408 9754 
2409 6496 
2410 8838 
2413 3852 
2414 1732 
2416 8293 
2418 5786 
2421 753 1397 1795 2036 2826 10386 
2424 6462 
2425 5715 
2427 1538 
2428 7305 
2430 11198 
2431 8746 
2432 6882 
2433 5331 
2436 401 
2438 11016 
2439 11222 
2440 9155 
2441 4282 
2442 566 
2444 5782 
2446 9970 
2448 8739 
2449 2226 
2450 902 
2452 3503 
2455 6850 
2457 4003 
2460 4850 
2461 4671 
2463 3841 
2464 2541 
2465 4369 
2466 1215 
2467 8705 
2469 3353 
2470 10970 
2471 294 
2473 10220 
2476 9612 
2478 1270 
2479 41 
2480 1271 
2481 4482 
2483 559 
2484 3760 
2490 4325 
2491 4300 
2492 4303 
2493 151 
2494 5022 
2495 1630 
2496 187 
2498 554 
2500 11054 
2502 721 
2503 8026 
2504 10230 
2506 11721 
2509 738 740 
2511 6908 
2513 7590 
2514 8651 
2515 8278 
2517 43 
2519 1903 
2521 3876 
2522 2795 
2523 3149 
2524 49 
2525 880 
2527 1335 
2528 2963 
2530 2445 
2531 2011 
2532 4702 
2533 2233 
2534 3077 
2536 1427 
2537 2179 
2538 2676 
2539 10895 
2541 1536 
2542 11609 
2543 11635 
2544 8884 
2545 8884 
2546 3922 
2548 1928 
2550 7798 
2552 5075 
2555 5261 
2556 9362 
2557 3339 
2559 10200 
2565 9418 
2567 9646 
2568 9335 
2569 8369 
2570 5188 
2572 1355 
2573 4305 
2574 2281 
2575 10803 
2576 9188 
2578 4610 
2579 1659 
2582 4176 
2583 791 
2585 3692 
2586 3655 
2588 5307 
2590 10262 
2594 5399 
2596 3626 
2597 3633 
2598 3681 
2599 2124 
2600 5715 
2602 9960 
2604 1292 
2606 2104 
2607 6321 
2610 3990 
2611 1856 
2612 6276 
2613 1620 
2615 11612 
2616 11242 
2617 6588 
2619 3870 
2620 5112 
2622 1274 
2623 637 
2624 1420 
2625 3855 
2626 10817 
2627 9418 
2629 4023 
2630 1568 
2631 1555 
2632 135 
2634 2251 
2635 1609 
2637 4077 
2638 43 
2639 2376 
2640 116 
2641 3755 
2642 9774 
2643 5229 
2644 2104 
2645 6733 
2646 178 
2647 1152 
2648 555 
2649 6770 
2650 1154 
2651 6867 
2654 400 
2655 467 
2656 4245 
2657 1266 
2659 3073 
2660 5297 
2662 9344 
2664 8609 
2667 7129 
2668 4839 
2669 5505 
2670 3983 
2671 1130 
2672 1421 
2676 9873 
2677 10476 
2678 6860 
2679 6795 
2682 10517 
2684 5170 
2685 155 
2686 1229 
2687 3766 
2688 5164 
2689 3088 
2690 3401 
2691 441 
2692 3211 
2693 1537 
2695 1484 
2696 8482 
2698 2575 
2699 11830 
2702 7590 
2704 10582 
2705 9994 
2706 2414 
2708 773 
2709 9426 
2710 3560 
2711 3003 
2714 2415 
2715 2484 
2716 2484 
2717 2869 
2718 1148 
2719 3552 
2720 1596 
2721 9193 
2722 9665 
2724 1980 
2726 5792 
2727 8552 
2728 10216 
2731 2123 
2732 7541 
2733 8450 
2734 1399 
2735 9360 
2736 5319 
2737 6147 
2738 7541 
2739 8450 
2740 7541 
2741 9088 
2742 7960 
2744 11375 
2746 2839 
2747 7982 
2748 9770 
2750 4482 
2751 11097 
2752 2190 
2753 2383 
2754 8789 
2755 11342 
2757 2431 
2758 4279 
2759 2858 
2760 1357 
2761 493 
2766 4300 
2768 2684 
2769 2684 
2771 4464 
2773 4003 
2775 4181 
2776 11760 
2777 4303 
2778 3910 
2779 11489 
2780 3684 
2781 3700 
2782 6974 
2783 3024 
2784 8974 
2785 11198 
2786 3945 
2787 11414 
2789 372 
2791 3759 
2792 441 
2795 2157 
2797 5190 
2798 3414 
2799 9784 
2800 3922 
2801 3499 
2802 11657 
2803 7593 
2804 1059 
2811 43 
2813 11753 
2814 5865 
2815 6640 
2816 2513 
2819 1444 
2820 4727 
2822 10542 
2823 1690 
2824 2339 
2825 4025 
2826 8789 
2827 2247 
2829 3090 
2830 605 
2831 10433 
2832 606 
2835 636 
2836 7491 
2837 8634 
2838 1792 
2839 9026 
2840 11959 
2843 8038 
2845 7524 
2847 7678 
2848 567 
2849 6199 
2851 9689 
2852 9839 
2854 3005 
2855 10326 
2857 8881 
2858 3433 
2860 10349 
2862 10158 
2863 749 
2864 5494 
2870 463 464 
2871 11514 
2873 215 
2874 10243 
2875 11848 
2876 3191 
2877 5443 
2878 7321 
2879 8260 
2880 8288 
2881 6199 
2882 9161 
2883 8567 
2884 2247 
2886 1269 
2887 9972 
2888 2243 10040 
2889 4303 
2890 5782 
2891 3355 
2892 2241 
2894 5532 
2895 5532 11795 
2896 5532 
2897 4414 
2899 440 
2900 7676 
2901 9035 
2902 1593 
2904 7690 
2905 11303 
2907 3756 
2908 6802 
2910 3771 
2911 8277 
2913 3592 
2914 8576 
2919 2863 
2920 54 
2923 10015 
2925 5064 
2926 1308 
2928 899 
2929 4369 
2932 11722 
2935 465 
2936 975 
2938 476 
2939 6240 
2940 1019 
2941 3622 
2942 2441 
2944 2912 
2945 3015 
2946 6992 
2947 9697 
2948 647 
2949 11539 
2950 8246 
2951 4453 
2953 7695 
2955 1020 
2957 9480 
2962 1784 
2965 11055 
2966 41 
2967 6899 
2969 7978 
2970 1073 
2971 4378 
2973 570 
2975 2209 
2976 1513 
2977 8610 
2978 1586 
2979 509 
2980 1661 
2982 9530 
2983 6068 
2984 3764 
2985 11681 
2986 899 
2991 10216 
2994 8153 
2995 9498 
2996 2872 
2997 6902 
2999 1064 
3000 11224 
3001 11224 
3002 11924 
3003 597 
3004 10077 
3005 9928 
3007 4465 
3009 10344 
3010 1503 
3012 2732 
3013 1738 
3014 1737 
3016 1835 
3017 1829 
3019 10519 
3021 7056 
3022 11714 
3024 8464 
3025 8281 
3027 7243 
3028 5094 
3029 4166 
3030 9751 
3031 5530 
3032 8162 
3033 5500 
3034 3761 
3035 3396 
3041 6019 
3046 336 
3047 11543 
3050 6458 
3051 5687 
3052 6246 
3053 9912 
3054 10112 
3055 6505 
3056 9479 
3064 8273 
3065 8950 
3066 2684 
3067 2684 
3073 1176 
3074 2585 
3075 3019 
3076 9705 
3079 1115 
3083 2700 
3085 831 
3086 831 
3088 6112 
3089 414 
3091 1588 
3092 4065 
3095 9851 
3097 7233 
3099 9401 
3101 4454 
3103 1387 
3104 2254 
3105 2125 
3106 4973 
3107 9889 
3108 1856 
3109 7571 
3110 3448 
3112 2329 
3113 7757 
3114 6512 
3117 9820 
3118 7319 
3119 874 
3120 357 
3121 8898 
3123 2088 
3124 7064 
3125 7630 
3127 11330 
3128 7718 
3130 2592 
3133 1736 
3134 357 
3135 6013 
3136 1272 
3137 11133 
3138 2614 7644 10442 
3141 832 
3142 6915 11103 
3143 3501 
3144 8323 
3145 10966 
3146 4498 8145 
3147 9762 
3149 84 
3151 2402 
3153 6996 
3154 439 
3156 7520 
3157 5407 
3159 4783 
3160 4125 
3161 4239 
3162 5407 
3163 2670 
3164 3177 
3165 1769 
3168 7580 
3169 2481 
3170 5967 
3171 469 
3172 8964 
3173 8964 
3174 8964 
3175 470 
3176 469 
3177 8493 
3178 10386 
3181 5823 
3182 2122 
3185 2506 
3186 2679 
3188 7129 
3190 8752 
3191 1679 
3192 1108 
3193 1344 
3196 1566 
3197 6014 
3198 949 
3200 6101 
3201 949 
3202 10178 
3204 3467 
3205 3930 
3206 4252 
3207 9181 
3208 2858 
