0 384
2 733
5 1429
6 4382 1429
7 1426
8 3294
9 323
10 1659
11 1387
13 9810
14 59
17 4976
18 4390 2551
19 2551
21 2022 81 8322
22 1005
23 314
24 237 412 1856 2598 3994 214 0 6649
25 235
26 5855
28 1757
29 942
30 225
31 4372
32 5298
33 3989 1040 3341
34 8164
35 11193
36 3694
37 2510 4413 4079
39 2965
40 4976
41 1874
42 2618
43 3121
45 4235
48 815
49 497
51 1465
54 2552
57 2296 1427
59 242
60 3883
61 1517
62 1583
64 3916
66 2420
67 2038
68 446
69 8013 5027
70 10387
71 10387
72 3883
74 30
75 1465
77 419 4750
78 2876
79 4750
80 1965
82 9026
84 1340
86 2297 2306
87 3761
88 2673
90 4002
91 309 9823 551 1899 655 4859 133 441 6491 2914 3498 373 3079 2296 4897 4356 9453
92 133 4280 11164 215 3131 383 3443 4282 7301 4078 4782 1269
93 2529 959 4781 3014
94 3793
95 6497
96 2296 3322 440
98 4325
99 2672
100 2383
101 4303
104 4372
105 908
106 1617
107 1617
110 577
111 2198
112 3720
113 10832
114 5447
117 11795
121 3174
123 120
125 4265
126 7135
127 2180
129 6844
131 3119
132 1969
133 10384
134 2965
135 2961
136 2965
138 461
139 895
140 1388
141 2265
143 871
144 7527
146 11152
147 4237
148 7571
149 2307 2299
150 4237
151 7093
152 9321 985
153 2962
154 8627
155 4382
156 1429
157 559
158 3334
161 1429
162 4443 7323 8193 395
163 323
166 2901
167 2834
171 1155
172 3893
173 1155
174 1155
175 2309
176 360
177 243
178 1908
179 1578
181 4180 8666 4177 4997 11082 8192 1689 2169 134 2115 3879 4176 4498 2376 4103 2963 1908 2182
182 2992 1881 1880 12122
186 62
189 3965
190 1177
191 10339
193 315
194 4976
195 6321 10631
197 1387
198 823 813
199 823
200 4311
202 813
203 6530
204 4024
205 6364 677 11377 9162
206 11485
207 2523
209 3016
210 828
211 828
212 2309 2301
213 2301
214 828
215 2309 2301
217 2301
219 841
220 815
221 959 2662
222 981
223 4238
226 5801
227 10623 1620
228 4239 7963
229 1308
230 1336
233 2515
235 11164
236 215
237 3995
238 8439
239 8690
241 2965
242 8915
244 167
245 830
246 3552 3596 3551
248 2104 2175 1429 3108 2662 2296 1298 2101 553 845
251 10396
252 3120
253 2706 984
254 5865 984
258 10954 11544
259 6889
261 1008
262 1938
263 955
264 1968
265 2476
266 1830 1831 1829
267 819
269 1834 1835
270 4176
271 3565
272 4298
273 6877
274 4163
275 3841
276 4241
277 5465
278 1845
280 1141 1142
281 702
282 8110
283 496
286 2349 6288 8
288 2297 2305
289 2396
290 10467
291 2897 6507 4177 4474 11164
292 2404
293 9391
294 9391
295 2541
296 9290 9298
297 3410 999 1186 122
298 3720
299 4253
300 4372
301 3616
302 2602
303 555
304 1427
305 4123 4127 7159
306 5334 3411 555
309 1634
310 683
311 8554
312 2297
314 2298
315 1392 4692 2112 6378 7281 3800
320 5481
322 1426
323 2115
325 2965
326 1619
327 7571
330 2962
332 1640 5288 5939
333 1429 1427 1422
334 1465
335 9626
336 815
337 1433
338 3430
340 3143
341 678 4316
342 2383
343 1107 8240 1397 7218 240 6523
345 1454
347 3688
348 2687
350 1682
351 4482
352 13
354 4190
355 1387
359 441
362 678
363 6991
364 8540
366 3430
368 834
369 9026
370 815
371 3860
372 1198
373 1035
375 2315 2316
377 2556
378 8035
381 827 826
383 2383
384 5159
386 1114
388 766
389 1102
392 2390
394 40
396 2780
398 2779
401 9627
403 3174
404 1240
405 921
406 3108
407 3015
408 5803
409 3430
410 1613
411 399 3894
412 2675
413 4729
414 3747
415 3749
416 9594
417 2901
418 2965
419 1496
420 116
421 813
422 814 813
424 1426
425 11198
426 1659
427 772
428 6991
429 4955 813 814 517
430 1340
431 959 2957 655 2902 133
432 2311
433 2303
434 4465
435 3764
436 706 6543
437 842
438 3793
440 9026
441 2619
442 2619
443 4161 2466 81
444 3967
446 4216
447 3552
449 2384
450 7303
451 3035
452 2245
453 503
454 705
455 3399
456 3791 2477 3793 6723 4474 8466
458 2466
459 3941
460 6899
462 11164
464 3122
465 6503 3309
466 1634
467 9164
469 1659
470 5075
471 426
473 215
474 4081
475 1634
476 817
477 5634
478 1888
479 1856 4448
480 3242 1856
481 2735
482 1938
483 9963
484 2363
486 1877
487 5447
488 2383
489 250 4835 9053 2667 655 304 441 3401
491 133
493 841
494 3767 3769
495 2394
496 2567
497 1682
500 12016
501 428 2446
502 640
503 3883
504 2301
507 2145
508 3528
509 7218 3935 2545 7965 1881 6983
513 2602 3174
514 882
515 11377
516 1422
517 1881
519 2383
520 1063
521 9026
522 2685
524 721 8396 9277 2639 2022 1140
525 3108
526 1387
527 5096
528 3528
530 7676
531 4014
533 5484
534 3774 9716
535 5320
536 497
537 3748
538 815
539 9026
540 815
541 9026
542 5331
543 2312
550 9164
552 5331
553 5331
554 9129
555 1263
556 6895 1586
557 1427
559 2597 2220 4251 5801
560 10044 6585
561 1357 1345 2639 1818
563 4153
564 3401
565 4710 5754 2981 7901 5087 3294
566 4253
567 503
568 739 3893 985
570 2827 1288
571 1140
575 1426
576 1563
578 4355 4354
579 3565 4442
580 10384
582 1965
583 4153
584 2264
585 2685 559 10079
589 4482
590 2254
591 383
592 4489
593 2962
594 2551
595 2779
596 1331
597 4673
600 1625 4516 441
601 11377
602 4516
603 7841
606 6799
607 9164
608 5372
612 7955
613 8455
614 4750
615 9290
616 5244
618 23
619 25
620 4064
621 3210
622 1987
624 1005
627 4316
628 3038 8474 3466 3043 3041
629 1410 1411
632 4390
633 2891 2484
637 1594
641 26
642 819 820
643 4669
644 1799
645 3622
646 782
647 8221
650 5562
651 2430
652 8943
654 7759 8218
655 2857
656 11051
659 3998
660 9118
663 260
664 295
666 9667
667 7242
668 11469 3519
669 5108
670 5921
675 8169
676 4213
677 8554
678 1197 1593 399 5170 3565 290
679 7672 10659 7373 11057 9839 375 377 9460 6647 8321
680 3578 4975 3579
681 2074 2073 2128
682 8693
683 9115
684 9154 9155
687 12128
690 411
691 6050
692 3767 706
693 10361
694 10361
696 5927
697 2867
698 5396
699 847 2296 1298 2175 1219 2957 1308 985
701 2538
703 2383
705 3936
706 2909
707 7064
708 1879
710 8653
711 1012
712 3043 3038 3466 4905 3041 8474
714 8031
718 5625 8458
719 6996
722 2339
723 836 815
725 2313
726 301
727 8884 6850 10195
729 10977
730 801
732 7259
733 3150
734 4153 949 1586
736 9817
738 2490
739 5780
741 1975
744 4672
745 8110
746 9573
747 10530 2164
749 6101
750 3468
751 6968
752 954
753 706
756 958
757 3881
758 11890 852
760 10685
762 6276
763 2264
764 4705
765 8029
766 7633 2887 4176
767 4498
768 2400
772 4862
773 437
775 2345
776 2496
779 4914
780 4481
781 6084
783 8408
785 2910
786 9626
787 10631
788 3458
789 8073
792 4509
793 814
794 3156
796 10691
797 6523
798 11407
800 3350
801 6539 10847
802 2570
803 2325 2200 839 2333 2330
804 3149
805 2330
806 2172
807 1156
808 5451
809 2891
810 7733
814 1354
815 1367
816 1368
817 1366
820 1675
822 10494
825 2283
826 3133
827 10359
828 1497
829 6287
830 9961
831 1492
833 1390
835 1504
837 1545
838 1554
843 1569
844 1569
845 1569
847 10253
848 11140
849 4167
850 1686 1682
851 984
852 1823
855 1323
858 1521
860 6265
861 1525
863 1570
865 3471
867 3886
868 1498
869 1993
871 3505
872 978
874 2731
875 1577
877 10727
880 11544
881 419
884 2055
886 1869
887 5686
888 1824
889 11162
890 572
891 2639
892 2652
894 6147
896 4749
898 9529
900 11020
901 7428 6156
903 8110
906 5883
908 2903
910 555
911 8463
912 3337
915 6938
916 1798
917 4103
918 134
919 9561
921 4159
922 164
923 164
924 1100
925 10784
927 365
929 1455
930 9028 4242 159
931 4242
932 7212
933 11544 10954 8125
935 7591
936 3764
937 4082
938 3053
943 10642
944 7297
946 705
947 705
949 2543
950 1544
951 3919
954 5085
955 692
957 7222
958 2325
959 2340
960 2166
965 1190
970 8781
971 6898
973 5507
974 10983
975 2457
976 2458
977 1034 382
979 7806
980 8194
981 2515
982 6132
987 282
988 3598
990 7241
991 977
992 1076
994 2651
996 2661
997 11061
998 11504
999 9983
1000 9421
1001 2727
1003 10565
1004 2702
1005 1070
1006 2756 2755 7462 10232 2753 7118 2752 9355 2758 9601 7704 2737
1007 11931
1008 5939
1009 9367
1011 9954
1013 3829
1014 2716
1015 10739
1016 1676
1017 1550
1018 1626
1019 283
1020 1791
1021 2659
1022 449
1023 1886
1025 746
1026 3953
1028 3954
1029 3953
1030 536
1031 4773
1034 825 826
1035 6647
1036 4773
1037 710
1038 11686
1039 2220
1040 2178 2369
1042 10381
1043 11694
1044 945
1045 619
1046 874
1047 873
1048 6932
1049 180
1050 4327 8802 40
1051 3720
1052 826
1054 2014
1055 3294
1056 11655 2759 2754 395 2738 8427 1086 2756 10232 3790
1059 1156
1061 2844
1062 4516
1066 2775
1067 4839
1069 3275
1070 783
1072 2601
1074 4736
1075 3956
1076 2842
1077 1749
1078 457
1079 3349
1080 1613
1081 9626
1083 5834
1084 3191
1085 9594
1086 1682
1087 2888
1088 4436
1089 1969
1091 3235
1092 6491 3528
1093 2571
1094 5986
1096 7438
1098 2404
1099 8715
1101 5409
1102 7067
1103 4316
1105 7715
1107 2466
1108 5340
1109 4165
1110 2664
1111 1611
1112 9704
1113 4770
1114 1993
1116 174 175
1117 2948
1118 3475
1119 3452
1121 7841
1122 3086
1123 395
1127 1607
1128 3338
1130 10129
1131 3151
1132 11123
1133 3125
1135 4474
1137 2771 9426
1138 8019
1139 4449
1141 2972
1142 1991
1143 3766 3769
1144 35
1145 4032
1146 1013
1148 9133 251 9132
1149 748
1151 3820
1152 872 1445
1154 968
1155 332
1156 7768
1157 1760
1158 4024
1159 2971
1160 3124
1161 8384
1162 5420
1164 3089
1165 8474 3038 3464
1166 2115
1168 7302
1170 122 3560
1171 131
1172 9654
1173 8556
1174 5786
1175 7243
1177 6763
1179 2966 2962
1181 2876
1182 5420
1183 1854
1186 3860 1259 3841
1187 6760
1190 7276
1191 7258
1192 5802
1194 149
1195 683
1197 6192
1198 2079
1199 7244
1202 5431
1203 7597
1204 4024
1205 3953
1206 8657
1207 2877
1209 299
1210 7012
1214 4097
1215 5333
1216 1465
1219 1427 4081
1220 4502
1221 5675
1222 2186
1224 1132
1226 3890
1227 4330
1228 3028
1229 4230
1230 11763
1231 11828
1232 4357
1233 2383
1234 4189
1235 5078 2149
1236 7701
1238 3177 1769
1241 1373
1243 4505
1244 10681
1245 2704
1249 3401
1250 706
1251 6212
1252 8546
1254 7378
1255 4469
1259 4489
1261 9162
1262 9712
1263 836
1264 4515
1265 354
1268 6968
1270 4521
1272 1302
1273 1043
1274 3192
1275 1306
1276 1307
1277 1308
1280 770
1281 126
1282 3618
1283 1464
1284 1464
1288 250
1289 4155
1291 4519
1293 140
1296 8183
1298 126
1299 4890
1300 4285
1304 6080
1305 1464
1306 2334
1307 2510
1309 10459
1310 4913
1311 4491
1312 4913
1314 1464
1315 1972
1317 3896
1318 4869
1319 1563
1321 1099
1322 1372
1326 5884
1327 8037
1328 8855
1329 5458
1330 1819
1332 3618
1333 2077
1336 352
1337 4115
1338 8037
1340 2510
1341 8865
1343 2886
1344 5315
1345 1079
1346 1376
1347 3920
1350 363
1351 770
1354 3084
1357 4913
1358 4764
1359 502
1360 9544
1362 2459
1367 250
1369 4913
1370 4913
1371 7387
1372 979
1373 3071
1374 11308
1375 3342
1376 4079
1377 2510
1382 1819
1383 5830
1384 10237
1385 9830
1386 1435
1387 1435
1388 4956
1389 137
1390 137
1391 454
1392 5811
1393 918
1394 7710
1395 4117
1397 4890
1398 1353
1400 5272
1401 3100
1406 3678
1409 1591
1411 11912
1412 123
1413 9830
1414 4223
1415 4765
1416 7552
1418 4456
1420 356
1421 821
1422 171
1423 11
1424 1624
1425 4397
1426 3342
1427 9896
1430 2809
1431 2809
1433 286
1437 7635
1439 1584 3549
1440 1584
1441 3549
1444 1212
1445 1464
1447 3218
1448 3342
1449 1067
1454 2736
1456 5765
1457 9236
1458 1464
1459 3085
1461 1352
1462 1353
1463 4547
1465 1622
1466 454
1467 3081
1470 7816
1474 11092
1476 7816 3742
1478 770
1479 2892
1480 1464
1482 5836
1483 11092
1484 5765
1486 1479
1488 356
1489 3958
1490 1837
1492 1099
1494 2641
1495 770
1496 9052
1497 2736
1499 3342
1500 1067
1502 2917
1503 1464
1504 1478
1506 3999
1507 3048
1509 3017
1511 3617
1515 1625
1516 3158
1517 250
1519 1192
1520 4491
1521 1563
1522 4129
1523 1464
1524 4047
1525 4047
1526 4769
1528 3415
1529 6153
1532 10509
1533 5273
1534 6899
1535 4076
1537 6633
1539 4378
1540 7197
1544 9026
1545 4207
1547 832
1549 4028
1550 6876
1551 2073
1552 2466
1553 1613
1554 7741
1555 11712
1556 4369
1557 10550
1558 55
1559 5647
1560 9624
1561 4176
1562 1199
1563 5316
1564 739
1565 421
1566 1308
1568 6019
1569 874
1570 9473
1572 12027
1573 5802
1574 3028
1575 7276 1559
1578 2658 2130 157 4293 10479
1580 489
1581 7841
1582 1350
1585 1501
1586 1369
1587 191
1588 10197
1590 2297
1591 4498
1592 833
1594 1156
1595 10488
1596 9735
1597 1068
1598 4666
1599 3721
1600 2309
1601 322
1602 499
1603 9109 9291
1607 2466
1608 5906
1609 3761
1610 5740
1611 3761
1612 9148
1613 6889
1614 2226
1616 7212
1617 6447
1619 3825
1620 1304
1622 2779
1624 1345
1625 1069
1626 5333
1627 5151
1628 9109
1630 561
1631 11615
1633 1063
1634 3156
1636 3505 3504
1637 742 746
1640 6459
1641 4305
1642 2090
1644 1927
1645 4204
1646 1619
1648 3883
1649 3883
1650 657
1653 9412
1654 981
1655 4778 5105 689 6868 2220 4704 1564 1469 8195 2398 2279
1656 1447
1657 2652 2651
1658 8211
1659 5551 119 10699 2487 4419 5593 100 3024 101
1660 1305 11825
1661 3912
1662 4326 4306 4302 2682
1663 4875
1664 3138
1665 13
1666 4283
1668 8221
1669 4390
1671 7221
1672 8110
1673 2252
1674 4988
1675 239
1676 836
1677 10604
1678 2404
1680 503
1681 1480
1682 2106
1683 7822
1684 4944
1690 5075
1691 10307
1692 4237
1693 9291
1695 2268 1471 9858
1696 5835
1697 1783
1698 2579
1699 3078
1700 10886
1701 1072
1702 6703
1703 9179
1704 3221
1705 6928
1706 3024
1707 314
1708 1447
1709 1578
1710 4450
1713 725
1714 2596
1715 8286
1716 4553
1717 7601
1718 8802
1719 11613
1721 2850
1722 4774
1723 1187
1724 235 9805 400
1725 7534
1727 3334
1728 10902 1659
1729 46
1731 6506
1732 395
1734 1377
1735 5889
1736 1541
1737 7079
1738 4976
1739 2287
1740 5012
1742 3505 3504
1743 5716
1744 6131
1746 4204
1747 6666
1748 1284
1749 4369
1750 11013
1751 6954
1753 5112
1754 7196
1755 3761
1756 3761
1757 4434
1758 5144 5146 1227 5145
1759 1831
1760 1831
1761 553
1762 832 4247 833 8166 835 4892
1763 4470
1765 4351
1766 6783
1768 13
1769 2392
1770 828
1771 1829
1772 4369
1773 5287
1774 1157
1775 9422
1778 2549 4850 2965
1779 3120 2965
1780 8556
1781 3755
1783 1607 1610
1784 10217
1785 5007
1786 3824
1788 4976
1789 2115
1790 907 903
1792 11435
1795 3259
1797 9829
1799 9595
1800 3248 3228
1801 7258
1802 439
1803 5783
1805 7302
1807 7035
1808 9374
1811 10828
1812 2597
1813 3128
1815 8146
1816 9717
1817 4147 4146 4148
1818 2967
1819 3892
1821 2619
1824 10609
1827 815
1831 5525
1832 7405
1834 3279 553
1836 981
1837 2529
1838 2567
1840 2992
1841 2687
1843 8826
1844 2238
1845 2011
1847 4976
1849 9202
1850 4304
1852 1304
1853 3792
1854 743
1857 10854
1858 4244
1859 1936
1860 3400 4984
1861 9829 9532
1862 4988
1863 3967
1864 2650
1865 11283
1867 9723
1869 10895
1870 2681
1871 10411
1872 1154
1874 237
1875 441
1877 5889
1878 5802
1880 181
1881 9272
1882 1897
1883 6611
1884 6703
1885 4145
1886 2976 2975
1887 4670
1888 9850
1889 7568
1890 5657
1892 559
1893 1501
1894 2157 1578
1895 9317
1897 9341
1899 2703
1900 8943
1903 2169
1904 2776
1907 1114
1908 7733
1909 6590
1910 2369
1911 2007
1912 9360
1913 2901 5865
1914 2213
1915 7367
1916 3825
1919 6886
1920 10488
1922 678
1923 1643
1924 3792 3013
1925 4773
1926 3876
1927 8110
1928 399 2022
1929 1142
1930 3001
1931 1433
1932 3885
1934 5356
1935 6679
1936 3792 3793
1937 3356
1938 5572
1940 4390
1941 1900
1943 11362
1944 2053
1945 2053
1946 2053
1948 10511
1949 2476
1951 7101
1953 3598
1955 4316
1956 10384
1957 903
1958 4161
1959 9350
1961 2130
1962 9360
1963 2780 3401
1965 7594
1966 3754 3764
1967 8943
1968 9556
1972 99
1973 3402
1974 9149
1975 8790
1978 975
1979 4354
1980 10195
1982 42
1983 8631
1984 7747
1985 8725 6990 8169 8733
1986 2943
1987 4420
1988 1154
1989 10942
1990 244
1991 3191
1992 7689
1993 9321
1994 3596
1995 3596
1996 4713
1998 1730
2002 2410 9129
2004 4237
2006 2957
2007 7511
2008 817
2009 4485
2011 2297
2012 3956
2013 3485
2014 6144
2017 10381
2019 2404
2020 1040
2021 2297
2022 1154
2024 2602
2025 1221
2026 1538
2028 2770
2031 6444
2034 2770
2037 5427
2039 2097
2040 3430 6721
2042 559
2043 6085
2046 8033
2047 8031
2048 6998
2051 2697
2052 5905
2055 2324
2056 4781
2057 10853
2060 421
2061 944
2063 38
2064 3911 10386 2073 753 7580 2486 11609 3774
2065 1569
2067 1507
2068 3511
2069 5112
2070 655 7301
2072 1125
2073 6134
2076 4437
2077 1498
2078 3552
2079 4482 3552
2080 4230 8922
2082 4018
2083 8753
2084 3491
2085 394
2086 4935
2088 1859
2089 9391
2090 2511
2092 1387
2093 8031
2094 3524
2095 3524
2097 116
2098 11676
2100 3759
2101 8567
2103 11738
2104 8174
2105 1315 2199 4661 1627 4245 2899 1351 1357 1628 11864
2107 2662
2109 4237
2110 10517 2022
2111 8616
2113 1318
2114 3761
2115 5824
2116 1873 1874
2119 6636
2122 2259
2123 5320
2125 2007
2127 1044
2128 1106
2130 2804
2131 7251
2132 10825
2133 308
2134 10012
2137 2078
2138 2692
2140 8458
2142 9475
2143 10234
2144 8121
2147 8789
2149 4369
2150 6878
2151 899
2154 2686
2155 5319
2158 3941
2159 6101
2160 11169
2161 5197
2162 994
2163 746 736
2164 742 3519
2165 601
2167 3436 593 594
2168 4516
2170 908
2172 9776
2173 1821 1822
2174 1821
2175 7447
2176 3129
2178 2329
2179 8324
2182 640
2184 11336
2185 2072 4212
2186 4003
2187 830
2188 4181
2193 5502
2195 5484
2196 3157
2197 9348
2198 2715
2200 5585
2201 5740
2202 6491
2204 194
2205 4327
2206 4326
2207 8657
2208 9462
2209 1425
2213 3946
2216 11213
2217 3776 3779 2112 2072 2122 1875 3774 2277 3788 2119
2218 427
2219 2258
2220 6459
2221 7201
2222 9129
2224 1466
2225 5383
2227 2072 791 3436 11369
2228 9291
2229 990
2231 4268
2232 1429
2233 2843
2235 2243
2236 2264
2237 2245
2239 3754
2241 1154
2245 3206
2248 955
2249 5379
2250 694
2251 2354
2254 9231
2256 4434
2258 3504
2259 3155
2260 5916
2264 2166
2265 1823
2268 1645
2269 4750
2270 9385
2271 3919
2272 3006
2273 11627
2276 2509
2277 426
2279 11519
2280 11519
2281 475
2282 2920
2283 964
2285 2383
2286 3352
2287 10958
2289 596
2291 9408
2292 6895
2293 9587
2295 1152
2296 10676
2297 11088
2298 2833
2301 9465
2302 10498
2303 3029
2305 9273
2306 142
2308 1452
2309 11271
2310 9147
2313 7421
2314 6958
2316 6116
2317 737
2318 11086
2319 357
2321 7611
2322 4103
2323 2664
2324 791
2326 10015
2327 2073 2070
2328 901
2330 8731
2332 1660
2335 6523
2336 8157
2338 1427
2340 1147
2341 10293
2344 570
2345 5846
2346 4879
2347 9973
2348 3353
2349 2166
2350 9698
2351 2252
2353 1006
2354 11590
2357 9063
2359 11444
2360 1305
2361 4377
2363 704
2364 10195
2365 1855
2366 1415
2373 676
2374 1302
2375 1301
2376 5268
2377 618
2378 4063
2380 3080
2381 7434
2382 10386
2383 3400
2385 9453
2387 7802
2389 10864
2390 3821
2391 9142
2392 10
2393 876
2395 2403
2396 11338
2397 4174
2398 1306
2399 9065
2401 2054
2402 2410
2403 7549
2406 3553
2409 6496
2410 8838
2411 8250
2412 10251
2413 3852
2414 1732
2415 4699
2417 7444
2418 5786
2419 9587
2420 1529
2421 10386 875 1397 1793 1795 617 753 1517 4293 3883
2422 9911
2423 5411
2424 6462
2425 5715
2426 8893
2429 9491
2430 11198
2431 8746
2432 6882
2434 467
2435 7101
2436 401
2437 4464
2439 11222
2440 9155
2443 772
2444 5782
2445 5688
2446 9970
2447 4388
2448 8739
2449 2226
2450 902
2451 10722
2453 3503
2454 1797
2456 6850
2457 4003
2458 1399
2459 3883
2462 1399
2464 2541
2465 4369
2467 8705
2468 3353
2470 10970
2472 9587
2474 235
2475 817
2477 6761
2482 8035
2485 5872
2486 1517
2487 6836
2488 499
2489 507
2490 4325
2491 4300
2492 4303
2494 5022
2495 1630
2497 2612
2499 5161
2500 11054
2501 942
2502 721
2503 8026
2505 8725
2506 11721
2507 6318
2508 11470
2509 740 738
2510 4958
2512 5086
2513 7590
2516 5112
2517 43
2518 7174
2520 4713
2521 3876
2523 3149
2524 49
2526 2846
2527 1335
2529 2963
2530 2445
2532 4702
2533 2233
2534 3077
2535 2179
2536 1427
2538 2676
2539 10895
2540 11220
2541 1536
2547 5397
2548 1928
2549 11157
2550 7798
2551 631
2553 3336
2554 11597
2556 9362
2558 2241
2560 1838
2561 3793 3791
2562 2987
2563 8458
2564 4517
2565 9418
2566 8630
2567 9646
2570 5188
2571 4750
2577 474
2580 1659
2581 8300
2583 791
2584 557
2585 3692
2586 3655
2587 5366
2589 812
2590 10262
2591 1509
2592 4932
2593 441
2595 11310
2596 3626
2598 3681
2600 5715
2601 665
2603 5104
2605 1038
2608 130
2609 3207
2614 6276
2616 11242
2617 6588
2618 3883
2620 5112
2621 7191
2623 637
2625 3855
2628 9987
2629 4023
2633 5058
2635 1605 1609
2636 10024
2637 4077
2638 43
2643 5229
2646 178
2648 555
2649 6770
2652 2498
2653 2054
2654 400
2655 467
2656 4245
2657 1266
2658 2346
2661 8032
2662 9344
2663 3467
2664 8609
2665 4963
2666 4981
2668 4839
2673 1503
2674 1503
2675 9381
2677 10476
2679 6795
2680 2311
2681 4281
2682 10517
2683 2207
2684 5170
2686 1229
2687 3766
2689 3088
2690 3401
2691 441
2692 3211
2694 394
2697 3769
2700 8048
2701 1595
2702 7590
2703 5851
2704 10582
2705 9994
2707 4275
2709 9426
2710 3560
2711 3003
2712 11795
2713 3123
2717 2869
2720 1596
2722 9665
2723 8053
2725 303
2726 5792
2727 8552
2728 10216
2729 5803
2730 3893
2731 2123
2736 5319
2740 7541
2742 7960
2743 7
2745 4852
2747 7982
2749 10553
2750 4482
2752 2190
2753 2383
2756 2568
2757 2431
2760 1357
2762 10396
2763 1358
2764 9181
2765 12127
2766 4300
2767 2431
2768 2684
2769 2684
2770 2072
2772 1197
2774 9817
2776 11760
2780 3684
2781 3700
2783 3024
2784 8974
2785 11198
2786 3945
2787 11414
2788 2949
2790 5325
2793 9453
2794 9412
2795 2157
2796 410
2797 5190
2799 9784
2800 3922
2801 3499
2802 11657
2805 3499
2806 6529
2807 9077
2808 11457
2809 3593
2810 12186
2812 2685
2813 11753
2815 6640
2817 9054
2818 3092
2821 1579
2822 10542
2823 1690
2828 7094
2830 605
2831 10433
2833 638
2834 2095
2839 9026
2841 1008
2842 10195
2843 8038
2844 4489
2845 7524
2846 10212
2848 567
2850 3210
2851 9689
2852 9839
2853 7631
2854 3005
2855 10326
2856 3724
2857 8881
2859 6072
2861 10668
2864 5494
2865 2228
2866 3790
2867 4416
2868 7791
2869 5723
2870 464 462
2871 11514
2872 2047
2874 10243
2876 3191
2877 5443
2881 6199
2884 2247
2885 1345
2887 9972
2890 5782
2891 3355
2892 2241
2893 3356
2895 11795
2898 440
2899 440
2902 1593
2903 1197
2905 11303
2906 2265
2907 3756
2908 6802
2909 3149
2912 9773
2914 8576
2915 3355
2916 4288
2917 1004
2918 6906
2919 2863
2920 54
2921 127
2922 799
2923 10015
2924 3735
2925 5064
2926 1308
2927 2518
2930 798
2931 3580
2932 11722
2933 467
2934 2696
2936 975
2937 477
2938 476
2939 6240
2941 3622
2942 2441
2943 4065
2944 2912
2951 4453
2952 3002
2954 5431
2955 1020
2956 9480
2957 9480
2958 6663
2959 11411
2960 479
2961 8753
2962 1784
2963 895
2964 5302
2968 2145
2972 8205
2974 10518
2978 1586
2979 509
2980 1661
2981 4936
2982 9530
2985 11681
2987 1186
2988 8785
2989 3155
2990 10588
2991 10216
2992 3152
2993 5505
2994 8153
2997 6902
2998 11594
2999 1064
3000 11224
3002 11924
3005 9928
3006 7042
3008 10698
3011 11388
3013 1738
3015 4528
3016 1835
3017 1830 1829
3018 2245
3019 10519
3020 3032
3021 7056
3022 1831
3023 2920
3024 8464
3026 4212
3028 5094
3030 9751
3031 5530
3032 8162
3033 5500
3035 3396
3036 2376
3037 233
3038 1900
3039 6979
3040 1564
3041 6019
3042 41
3043 1616
3044 5824
3045 8215
3047 11543
3048 1466
3049 6223
3050 6458
3053 9912
3054 10112
3055 6505
3056 9479
3057 9831
3058 11740
3059 8202
3060 9193
3061 6975
3062 1966
3063 1378
3067 2684
3068 8881
3069 8867
3070 556
3071 10345
3072 2093
3073 1176
3074 2585
3075 3019
3077 5613
3078 5990
3080 11659
3081 723
3082 2347
3083 2700
3084 8069
3087 8652
3088 6112
3090 4790
3093 5
3094 3790
3096 6434
3097 7233
3098 1564
3099 9401
3100 9651
3101 4454
3102 2451
3103 1387
3104 2254
3105 2125
3107 9889
3108 1856
3111 3759
3112 2329
3115 8511
3116 7269
3117 9820
3118 7319
3119 874
3122 6634
3123 2088
3125 7630
3126 1110
3129 5442
3131 1236
3132 8134
3134 357
3136 1272
3138 7644 2614
3139 4692
3140 716 1046
3141 832
3142 1564 6915
3144 8323
3145 10966
3146 4498 8145
3147 9762
3148 11754
3149 84
3150 11829
3151 2402
3152 3763
3153 6996
3155 559
3157 5407
3158 11831
3161 4239
3162 5407
3164 3177
3165 1769
3166 9473
3167 919
3169 2481
3176 469
3178 10386
3179 753
3180 7301
3181 5823
3183 9930
3184 10360
3185 2506
3187 248
3189 8752
3191 1679
3192 1108
3194 9276
3195 1566
3197 6014
3198 949
3199 6014
3201 949
3203 7563
3204 3467
