0 384
1 4090
3 1427
4 2780
6 4382
7 1426 1429
9 323
10 5219 4060 1659
12 2833
13 9810
14 59
15 3124
16 104
18 4390 2551
19 2551
20 1659
21 81 7620 1530 80
24 2827 237 3138 2598 3994 214 1038
25 235
26 5855
27 1094
28 1757
29 942
30 1410 2429
33 3989 2768 1040
35 11193
37 2510 4413 4079
38 461
39 2965
43 1452
44 3738
46 2115
47 4326
50 1465
51 1465
52 949
53 4200
54 2552
55 3400
56 2831
57 2296 1975 3528
58 436
61 1517
62 1583
63 2269
65 6199
66 2420
69 8013
71 10387
73 3883
75 1465
76 2097
77 419 427
79 4750
81 1965
82 9026
83 4215
85 11397
86 2306
88 2673
89 813
90 4002
91 309 551 655 4859 441 6491 5676 3498 4316 4897 3108 4528
92 457 3014 5164 3443 4282 4316 4078 2858 3108 2893
93 4316 3108 551 959 215
96 2296 3322 3323 440
97 4305
99 2672
100 2672
102 7997
103 3791
104 4372
106 1617
107 1617
108 1229
109 1996
110 577
112 3720
113 10832
114 5447
115 9162
116 10076
117 11795
118 2602
119 6723
120 3174
121 3174
122 3833
123 120
124 8627
125 4265
128 2180
130 560
135 2961
137 2607
138 461
140 1388
141 2265
142 2266
145 4237
146 11152
148 7571
149 2299
152 1353 992
154 8627
156 1429 1426
157 559
158 1880
159 1429
160 1253
161 1429
162 7323 8193 395
163 323
164 1619
165 1078
166 2901
168 3415
169 1145
170 9119
174 1155
176 360
178 1908
179 1578
180 2157
181 4180 3423 4997 11082 6187 8192 1578 2252 2169 134 1898 3024 4176 2376 3228 2776 2963 5472 1576 2182
182 2992
183 1389
184 1855
185 3844
187 4209
188 11015
189 3965 3967
190 1177
191 10339
192 1577
193 315
196 6276
197 1387
198 824 813
199 823
200 816 4311
201 816
202 814
204 4024
205 9162
206 11485
208 4232
209 3016
211 828
212 2309
213 2301 2309 2200
214 828
215 2309
216 3149
217 2301
218 828
219 841
221 2662
224 2689
225 3764
226 1293
227 10623 1620
228 6476 7963 3604
229 1308
231 1337
232 4789
234 51
236 215
237 3995
240 2340
242 8915
243 4516
244 167
246 3596 3551 3592
247 4263
248 2175 3108 2662 1298 655
249 5164
250 3334
251 10396
254 5865 984
255 1298 3228
256 4177
257 6454
258 8125
259 6889
260 6791
261 1008
266 1830 1831 1829
267 819
268 497
269 1831 1834 1835
271 3565
273 6877
274 4163
278 1845
279 936
280 1142
281 702
283 496
284 8555
285 1010
286 226 6288 1607 2206 1289
287 228
288 2311
289 2396
291 4176 4474 11164
293 9391
296 9298
297 1665 3410 75 999 121 1186 2827 122
299 4253
301 10467 10904
302 3174 8958 1221 2602
303 555
304 1427
305 1426 4123 8458 9963 7159 9063
307 1565
308 164
309 1634
310 683
311 8554
312 2297
313 1461
314 2298
315 1392 2112 7600 7723
316 4067
317 3841
318 3078
319 8790
320 5481
321 4722
324 7487
326 1619
327 7571
328 1619
329 1151
330 2962
331 1619
332 1640 5288 1638
333 1422
334 1465
336 815
337 1433
338 3430
339 815
340 3143
341 678 4316
342 2383
343 8240 1397
344 1471
345 1454
346 3401
347 3688
348 2687
349 2687
350 1682
351 4482
353 321
354 4190
356 835
357 2687
358 2871 3565
359 7943 4984
360 3401
361 678
362 678
365 5164 4516
366 3430
367 3415
369 9026
372 1315 4293
374 3191
375 2318
376 2686
377 2556 2607
378 8035
379 3401
380 7251
381 825 827
382 5484
383 2383
384 5159 1139
385 2229
386 9178
387 2685
388 766
389 1102
390 3294
391 2309
393 1842
395 4434
396 2780
397 6273
398 2779
399 2779
400 3565
401 9627
402 6130
403 3174
406 1427 3108
407 3015
409 3430
410 1613
411 3894 2022
413 4729
420 116
422 814 813
423 813 814
424 1426
426 1659
427 772
428 6991
429 4955 2404 814
431 133 3108
432 2302
433 2312 2303
434 4465
436 706 3348 3347 6543 4018
437 842
439 3759
442 2619
444 3967
445 1040
447 3552
448 2339
449 2384
450 7303
451 3035
454 705
456 3791 3793 3565 4474 8466 1593
457 3565
458 2466 3355
461 1605
463 8442
466 1634
467 9164
468 1634
469 1659
471 426 2442
472 2442
474 4081
478 1888
480 3242
481 3982
485 457
487 5447
489 845 9053 2667 2614 6491
490 3336
492 1405
494 3769
497 1682
498 251
499 1875
500 12050 11990 4212 4209
501 428 2446
503 3883
505 3616
506 3615
509 3935 2545 1881 2122 2798
510 3120
511 3120
512 4503
513 3174
516 1422
518 3134
519 2383
520 1063
521 9026
523 4175
524 721 8396 9277 2639 2022 4116 842 7360
527 5096
529 6237
530 7676
532 190
533 5484
534 4120
537 3748
539 9026
542 5331
544 836
545 1387
546 1253
547 5331 4750
548 1965
549 1613
551 1965
554 9129
555 1263
556 120 949
557 1427
558 1427
559 2597 2220
560 10044 6585
562 1350
563 4153
564 1975 2858 5524
568 5528 3893
569 2618
572 1094
573 4352
574 4352
577 393
578 4354
579 4442
581 6523
582 1965
583 4153
584 2264
585 2685 194
586 1654
587 1962
588 4718
589 4482
591 383 4474
592 4489
595 2779
596 1331
597 4673
598 2682
599 2308 2300
600 441
603 7841
604 10519
605 2650
606 6799
608 5372
609 815
610 4750
611 11659
613 8455
614 4750
617 22
620 4064
621 3210
622 1987
623 1009
625 1007
626 2485
627 4316
628 8474 3043 3041
629 1411
630 3178
631 1240
634 4393
635 1973
636 1006
638 1858
639 8554
640 3191
641 26
642 820
645 3622
646 782
647 8221
648 781
649 5855
650 5562
651 2430
653 8
654 7759 8218
655 2857
656 11051
657 2965
658 11593
660 9118
661 1429
662 232
663 260
665 3024
666 9667
667 7242
669 5108
671 115
672 7302
673 3405 7564
674 309
676 4213
678 1197 3565 290
679 10542 4749 7373 9839 9587 8194 377 9358 376 9460 6647 8321 10195
680 4975 3579 2545
681 2074 4065
682 8693
684 9154
685 11468
686 355
687 12128
688 2984
689 10543
690 411
695 3053
696 5927
697 2867
698 5396 4718 1553
699 3108 847 2296 551 440 2175 1219 2957 3257 2914
700 3172
701 2538
702 869
704 511
705 3936
706 2909
707 7064
708 1880
709 2402
710 8653
712 3043 4905 3461 8474 3044
713 1308
715 2701
716 732
717 1137
719 6996
720 3415
721 3040
723 836
724 1336
725 2304
727 8884
728 758
731 466
732 7259
734 10732 8610
735 6424
737 9817
739 5780
740 1989
741 1975
742 8533
743 5420
744 4672
746 9573 11569
747 10530 2164
748 5219
750 3468
752 954
753 706 4232
754 958
755 958
756 958
757 6448
758 852 6596
759 5861
760 10685
761 10445
762 1619 6276 1620
763 2264
765 8029 4392
766 7633 2887 7218
769 1156
770 5226
771 1133
772 4862
774 3846
775 2345
777 1031
778 8156
780 4481
782 10829
784 2014
785 2910
786 9626
787 10631 6321
788 3458
789 8073
790 949
791 657
793 814
795 5487
796 1331 10691
797 6523
798 11407
799 8460
801 10847
802 828
803 839
805 2325 2333
806 2200
807 1156
809 5166
810 7733
811 2382
812 1350
813 1351
818 3877
819 289
820 1675
821 835
823 4750
824 4505
826 3133
827 10359
828 1497
829 6287
830 9961
831 1492
832 152
834 2270
835 1504
836 1547
839 1627
840 1626
841 1626
842 1626
843 1569
846 5624
848 11140
849 4167
850 1686 1683
851 984
852 1823
853 4723
854 1574
855 1321 1322
856 9472
857 1760
858 1521
859 1523
860 1523 6265
861 1525
862 118
863 1570
864 3472
865 3471
866 3060
868 1498
870 7621
871 3505 3504
872 978
873 11983
874 2731
875 1577
876 1356
877 10727
878 1613
879 9556
880 11544
881 1856
882 1855 6305 1857
883 10851
885 4034
886 1869
888 1824
889 11162
890 572
892 2652
893 10494
895 11216
897 9050
899 872
900 11020
901 7428 6156
902 797
903 8110
904 2363
905 2396
907 5890
908 2903
909 7636
910 555
912 3337
913 4996
914 217
916 1798
920 2244
921 4159
922 164
923 164
924 1100
925 10784
926 1613
927 365
928 1634
929 1455
930 159
934 1118
937 4082
938 3053
939 2
940 2216
941 9705
942 11129
943 10642
945 4159
946 705
948 2924
950 1544
951 3919
952 1085
953 4714
954 5085
955 692
956 4070
959 2340
960 2166
961 4280
962 1894
963 9225
964 7721
966 2420
967 10899
968 8123 13
969 6213
970 8781
972 2383
973 5507
975 2457
976 2458
977 1034 1086 381 382
978 9169
979 7806
980 8194
981 2515
982 6132
983 11474
984 4896
985 3844
986 3353
988 3598
989 3598
990 7241
993 2471
995 358
997 11061
998 11504
1000 9421
1002 12210
1003 10565
1006 2756 2755 7462 2753 8427 2758 9601 10605 2760
1007 3790 11931
1008 2590 2591
1010 9367
1011 9954
1012 8803
1014 2716
1015 10739
1017 1550
1018 1626
1019 283
1020 1791
1021 2659
1022 449
1023 1886
1024 8450
1025 746 736 748
1027 1630
1028 3953 3954
1030 536
1032 3826
1033 1399
1034 827 825 826
1038 11469
1039 5801
1040 2369
1041 2598
1043 4694
1044 945
1051 3720
1052 826
1053 766
1055 3294
1056 4104 11655 857 2759 395 2745 10730 8427 3790
1057 2743
1058 3372
1060 2843
1062 4516
1063 4103
1064 6378
1065 3233
1067 4839
1068 2816 6723
1069 3275
1071 2871
1072 2601
1073 6643
1075 3956
1076 2842
1081 9626
1082 3735
1084 3191
1089 1969
1090 814 813
1091 3235
1092 4316
1095 4961
1096 7438
1097 487
1098 2404
1100 125
1101 5409
1102 7067
1103 2296 4316
1104 2169
1106 4316
1107 2466
1111 1611
1112 4708 9704
1115 10816
1116 175
1117 2948
1118 3475
1120 3067
1121 7841
1122 3086
1124 2166
1125 8123
1126 1605
1127 1607
1128 3338
1129 1605
1130 10129
1131 3151
1134 2220
1136 9426
1137 2771
1140 3914
1141 2972
1143 3767 3769
1145 4032
1147 1074
1148 9133 9132
1150 6137
1151 3820
1152 1445
1153 428
1155 332
1156 7768
1157 1760
1158 4024
1160 3124
1162 5420
1163 2484
1164 3040
1165 8474
1166 2115 9129
1167 2843
1169 343
1170 121 122 1038
1172 9654
1174 5786
1175 7243
1176 3588
1177 6763
1178 2914
1179 2966 1459
1180 10976
1184 10976
1185 7172
1186 1259
1187 6760
1188 7636
1189 235
1192 5802
1193 2822
1194 149
1196 1071
1198 2079
1200 7276
1201 6942
1202 5431
1203 7597
1207 2877
1208 815
1211 4687
1212 3761
1213 11466
1216 1465
1217 1646
1218 1853
1219 1427 2279 4081
1220 4502
1221 5675
1222 2199
1223 6427
1225 4253
1226 3890
1229 4230
1230 11763
1232 4357
1233 5958
1234 4189
1235 5078 2149 3401
1236 7701
1237 6730
1238 2607 2556
1239 1498
1240 4152
1242 1968
1243 4505
1244 10681
1246 4453 9532
1247 4454
1248 5835
1249 3401
1250 706
1251 6212
1252 8546
1253 7143
1255 4469
1256 1601
1257 4370
1258 11407
1259 4489
1260 1199
1261 9162
1262 9712
1266 2375
1267 5885
1268 6968
1269 4518
1270 4521
1271 4522
1272 1302
1274 3192
1276 1307
1278 2546
1279 11092
1285 2510
1286 7026
1287 1041
1289 4155
1290 502
1291 4519
1292 8876
1293 140
1294 3999
1295 6451
1296 8183
1297 4155
1298 126
1299 4890
1301 11092
1302 1819
1303 1084
1304 6080
1305 1464
1306 2334
1307 2510
1308 6741
1313 6513
1315 1972
1316 1972
1320 10747
1323 2108
1324 11092
1325 4956
1326 5884
1327 8037
1331 356
1333 2077
1334 502
1335 2904
1336 352
1339 8865
1340 2510
1341 8865
1342 11621
1343 2886
1344 5315
1346 1376
1347 3920
1348 4763
1349 1464
1350 363
1352 2892
1353 2953
1355 10992
1356 3844
1357 4913
1361 6798
1363 7459
1364 1478
1365 1478
1366 5155
1368 221
1369 4913
1371 7387
1372 979
1374 11308
1375 3342
1378 9285
1379 1435
1380 1435
1381 1726
1383 5830
1385 9830
1387 1435
1388 4956
1389 137
1390 137
1392 5811
1393 918
1394 7710
1395 4117
1396 4550
1398 1353
1399 2886
1400 5272
1401 3100
1402 7619
1403 3618
1404 1563
1405 4520
1407 3632
1408 4577
1410 1089
1413 9830
1416 7552
1417 4398
1418 4456
1419 4491
1424 1624
1426 3342
1427 9896
1428 1099
1429 4155
1432 1618
1434 6211
1435 726
1436 2320
1438 3678
1439 3549
1440 1584
1441 3549
1442 3618
1443 2320
1444 1212
1446 352
1448 3342
1449 1067
1450 7633
1451 363
1452 1084
1453 1192
1455 1412
1460 979
1461 1352
1462 1353
1464 2320
1465 1622
1466 454
1467 3081
1468 7619
1469 284
1471 627
1472 2428
1473 4913
1475 2227
1476 7816
1477 3017
1478 770
1479 2892
1480 1464
1481 352
1485 6724
1487 7051
1489 3958
1491 2052
1493 1254
1494 2641
1495 770
1498 10144
1501 4890
1502 2917
1503 1464
1504 1478
1505 4762
1507 3048
1508 3158
1510 250
1511 3617
1512 3710
1513 2510
1514 2108
1518 3796
1519 1192
1521 1563
1522 4129
1523 1464
1524 4047
1526 4769
1527 8482
1529 6153
1530 2704
1531 3334
1532 10509
1534 6899
1535 4076
1536 2957
1537 6633
1538 4930
1539 4378
1540 7197
1541 1291
1542 9716
1543 1199
1544 9026
1545 4207
1546 5692
1548 2687
1549 4028
1550 6876
1552 2466 3355
1554 7741
1555 11712
1556 4369
1557 10550
1559 5647
1561 4176
1562 1199
1565 421
1567 5219
1568 6019
1571 2509
1572 12027
1573 5802
1574 3028 2251 1450
1575 7276 1559
1576 7146
1577 3078
1578 4424 7723 4692 2130 157 3779 4293 10479 2127 1911 100
1579 3337
1582 1350 2220
1583 900
1584 4681
1585 1501
1586 1369
1588 10197
1589 2987
1590 2311
1591 4498
1593 11356
1599 3721
1603 9109 9291
1604 5410
1605 9202
1606 5493
1608 5906
1609 3761
1611 3761
1613 6889
1615 10072
1616 7212
1617 6447
1618 908
1620 1304
1621 2704
1623 9566
1624 3303 2827 158 1350 1345
1627 5151
1628 9109 326
1629 955
1632 5270
1633 1063
1635 6029
1636 3505
1637 747 742 736
1638 1559
1639 2032
1640 6459
1641 4305
1643 3599
1647 903
1649 3883
1650 657
1651 2366
1652 6527
1654 981
1655 5105 6868 2220 4704 2845 1564 1469 4707 1330 565 561 7261
1657 2638 2639 2651
1659 5551 100 3373 3856 3206 4855 3228 5593 4421 7962 101
1660 1305 11825 1302
1661 3912
1662 4302
1665 13
1667 10358
1668 8221
1669 4390
1670 2404
1671 7221
1672 8110
1673 2252
1675 239
1678 2404
1679 1614
1682 2106
1685 10775
1686 2486
1687 2317
1688 274
1689 1474
1690 5133
1692 4237
1694 7339
1695 2268 9858
1699 3078
1700 10886
1702 6703
1703 2369
1706 3024
1711 4662 774
1712 1619
1713 725
1714 2596
1716 4553
1720 1427
1721 2850
1723 1187
1724 235 466 6305 1857
1725 7534
1726 7774
1727 3334
1728 1659 5011
1729 46
1730 9760
1733 4358
1736 1541
1738 4976
1739 2287
1740 5012
1741 3279
1742 3504 9179
1744 6131
1745 2687
1746 4204
1747 6666
1749 4369
1750 11013
1751 6954
1752 11326
1756 3761
1757 4434
1758 5143 5145
1761 553
1762 8166 4892
1764 1427
1766 6783
1767 8 225
1769 2392
1770 828
1771 1830
1772 4369
1774 1157
1775 9422
1776 2273
1777 3097
1778 2549
1779 984
1780 8556
1781 3755
1782 4228
1783 1607 1610
1784 10217
1787 858
1788 4976
1789 2547
1790 907 903
1791 1387
1792 11435
1793 2091
1794 6663
1796 5124
1798 728
1799 9595
1800 3228
1802 439
1804 11156
1805 7302
1806 2604
1807 7035
1808 9374
1809 3754
1810 5221
1814 11072
1817 4147 4146
1818 2967
1820 44
1822 1063
1823 3721
1825 8524
1826 835
1827 815
1828 10039
1829 7360
1830 11891
1831 1988 5525
1833 8848
1834 553 4859
1835 11103
1836 981
1837 3277
1838 2567
1839 3859
1842 2602 1221
1843 8826
1845 2011
1846 6587
1848 3401
1850 4304
1851 3302
1854 743
1855 8610
1856 10645
1858 4244
1860 3400 3524
1861 9829 9532
1862 4988
1865 11283
1866 2383
1867 9723
1868 1155
1869 10895
1870 2681
1871 10411
1872 1154
1873 7377
1875 441
1876 1461
1877 5889
1878 5802
1879 7543
1880 181 1629 1585
1886 2975
1887 4670
1888 9850
1891 9026
1894 2157 1578 2252 4103
1895 9317
1896 10077
1897 9341
1898 6533
1901 2106
1902 3320
1903 2169
1904 2776
1905 4311
1906 8823
1907 1114
1908 7733
1909 6590
1910 2369
1911 2007
1914 2213
1916 3825
1917 3334
1918 4355 4354
1920 10488
1921 10900
1922 678
1923 1643
1924 3791 2279
1925 4773
1926 3876
1927 8110
1928 399 2022
1930 3001
1932 3885
1933 626
1936 3791
1937 3356
1939 10566
1941 1900 2570
1942 11362
1943 11362
1944 2053
1945 2053
1947 10830
1949 2476
1950 7621
1952 1603
1954 8005
1955 4316
1957 903
1958 4161
1960 8940
1961 2130
1962 9360
1963 2586
1964 9035
1965 7594
1966 3754 1538 3764
1969 8539
1970 4015
1971 551
1973 3402
1975 8790
1976 8156
1977 3746
1980 10195
1981 774
1983 8631
1984 7747
1985 8758 7369 8733
1987 4420
1988 1154
1991 3191
1996 4713
1997 9641
1999 875
2000 4944
2001 399
2003 828
2005 2264
2006 2957
2007 7511
2008 817
2009 4485
2010 1299
2011 2306 2297
2014 6144
2015 5236
2016 767
2017 10381
2018 2404
2019 2404
2021 2297
2023 7725
2025 1221
2026 1538
2027 509
2028 2770
2029 3013
2030 7183
2031 6444
2032 8031
2033 4711
2034 2770
2035 2602
2036 3756
2037 5427 1288 366
2038 9611
2039 2097
2040 2779
2041 2602
2042 559
2044 2703
2045 3355
2047 8031
2049 3894
2050 7299
2053 1596
2054 8166
2055 2324
2056 4781
2058 10078
2059 7068
2061 944
2062 1566
2064 10386 2073 2072 2055 2486 11609 3774
2066 11081
2068 3511
2069 5112
2070 1769 3401 7301
2071 7774
2074 3823
2075 9339
2076 4437
2078 3552
2079 4482 3552
2080 4230 8922
2081 1380
2082 4018
2083 8753
2087 5571
2088 1859
2089 9391
2091 4949
2096 2685
2098 11676
2099 3859
2100 3759
2102 617
2103 5072 11738
2105 2199 1627 4245 2899 2356 3363 2410 1357 1628 4383
2106 11098
2108 4237
2109 4237
2110 10517 2022 1443
2111 8616
2112 4283
2113 1318
2114 3761
2116 1874
2117 11713
2118 6128
2120 5958
2121 4782
2122 2259
2123 5320
2124 8154
2125 2007
2126 9541
2129 6374
2130 2804
2131 7251
2134 10012
2135 11357
2136 2476
2137 2078
2139 2691
2140 8458
2141 12012 3750
2143 10234
2144 8121
2145 5093
2146 4360
2148 815
2150 6878
2151 899
2152 9438
2153 874
2154 2686
2156 2180
2157 2618
2158 3941
2159 6101
2160 11169
2161 5197
2163 746 747
2164 742 747 3519 2660
2166 4238
2167 3436 2118
2169 10983
2170 908
2171 436
2174 1821
2175 7447
2177 669
2180 9823
2181 5126
2183 10099
2184 11336
2185 4209 4212
2186 4003
2188 4181
2189 11353
2190 4358
2191 4973
2192 2306
2194 4238
2195 5484
2196 3157
2198 2715
2199 2715
2200 5585
2203 11776
2205 4327
2206 4326
2207 8657
2209 1425
2210 6147
2211 2556
2212 10522
2214 3228
2215 2301
2217 7580 3779 2112 2072 1875 2277 3788 2119 975
2218 427
2220 6459
2221 7201
2222 9129
2223 815
2224 1466
2225 5383
2226 6938
2227 791 3436
2228 9291
2230 472
2231 4268
2233 2843
2234 9054
2235 2243
2238 5587
2240 4546
2241 1154
2242 11492
2243 9337
2244 836
2246 904
2247 2705
2248 955
2250 694
2252 1855
2253 8100
2255 6421
2256 4434
2257 10709
2259 3155
2261 56
2262 2195
2263 2296
2265 1823
2266 1291
2267 24
2270 9385
2272 3006
2273 11627
2274 7174
2275 1037
2276 2509
2278 8297
2279 11519
2281 475
2282 2920
2283 964
2284 6504
2286 3352
2287 10958
2288 8653
2290 4239
2291 9408
2294 9587
2295 1152
2299 4839
2300 11898
2301 9465
2302 10498
2304 6336
2307 9482
2308 1452
2309 11271
2310 9147
2311 9147
2312 10285
2315 9854
2317 737
2318 11086
2320 6678
2322 4103
2323 2664
2324 791
2325 4239
2326 10015
2327 2070 2124
2329 901
2331 6137
2332 1660
2333 3592
2334 3911
2337 4329
2338 1427
2339 7632
2340 1147
2342 3294
2343 7654
2344 570
2347 9973
2348 3353
2350 9698
2351 2252
2352 12081
2354 11590
2355 1356
2356 3121
2358 3698
2362 6089
2363 704
2367 1965
2368 8756
2369 7751
2370 3995
2371 6064
2372 6860
2374 1302
2376 5268
2379 6581
2380 3080
2382 7725 10386
2384 1633
2385 9453
2386 1601
2387 7802
2388 3608
2391 9142
2393 876
2394 617
2395 2403
2397 4174
2400 4265
2401 2054
2404 2529
2405 1261
2407 7569
2408 9754
2411 8250
2412 10251
2415 4699
2416 8293
2417 7444
2419 9587
2420 1529
2421 875 1793 617 1517 4293 2826 3883 2036
2422 9911
2423 5411
2426 8893
2427 1538
2428 7305
2429 9491
2433 5331
2434 467
2435 7101
2437 4464
2438 11016
2441 4282
2442 566
2443 772
2445 5688
2447 4388
2451 10722
2452 3503
2453 3503
2454 1797
2455 6850
2456 6850
2458 1399
2459 3883
2460 4850
2461 4671
2462 1399
2463 3841
2466 1215
2468 3353
2469 3353
2471 294
2472 9587
2473 10220
2474 235
2475 817
2476 9612
2477 6761
2478 1270
2479 41
2480 1271
2481 4482
2482 8035
2483 559
2484 3760
2485 5872
2486 1517
2487 6836
2488 499
2489 507
2493 151
2496 187
2497 2612
2498 554
2499 5161
2501 942
2504 10230
2505 8725
2507 6318
2508 11470
2510 4958
2511 6908
2512 5086
2514 8651
2515 8278
2516 5112
2518 7174
2519 1903
2520 4713
2522 2795
2525 880
2526 2846
2528 2963
2529 2963
2531 2011
2535 2179
2537 2179
2540 11220
2542 11609
2543 11635
2544 8884
2545 8884
2546 3922
2547 5397
2549 11157
2551 631
2552 5075
2553 3336
2554 11597
2555 5261
2557 3339
2558 2241
2559 10200
2560 1838
2561 3793 3791
2562 2987
2563 8458
2564 4517
2566 8630
2568 9335
2569 8369
2571 4750
2572 1355
2573 4305
2574 2281
2575 10803
2576 9188
2577 474
2578 4610
2579 1659
2580 1659
2581 8300
2582 4176
2584 557
2587 5366
2588 5307
2589 812
2591 1509
2592 4932
2593 441
2594 5399
2595 11310
2597 3633
2599 2124
2601 665
2602 9960
2603 5104
2604 1292
2605 1038
2606 2104
2607 6321
2608 130
2609 3207
2610 3990
2611 1856
2612 6276
2613 1620
2614 6276
2615 11612
2618 3883
2619 3870
2621 7191
2622 1274
2624 1420
2626 10817
2627 9418
2628 9987
2630 1568
2631 1555
2632 135
2633 5058
2634 2251
2635 1605
2636 10024
2639 2376
2640 116
2641 3755
2642 9774
2644 2104
2645 6733
2647 1152
2650 1154
2651 6867
2652 2498
2653 2054
2658 2346
2659 3073
2660 5297
2661 8032
2663 3467
2665 4963
2666 4981
2667 7129
2669 5505
2670 3983
2671 1130
2672 1421
2673 1503
2674 1503
2675 9381
2676 9873
2678 6860
2680 2311
2681 4281
2683 2207
2685 155
2688 5164
2693 1537
2694 394
2695 1484
2696 8482
2697 3769
2698 2575
2699 11830
2700 8048
2701 1595
2703 5851
2706 2414
2707 4275
2708 773
2712 11795
2713 3123
2714 2415
2715 2484
2716 2484
2718 1148
2719 3552
2721 9193
2723 8053
2724 1980
2725 303
2729 5803
2730 3893
2732 7541
2733 8450
2734 1399
2735 9360
2737 6147
2738 7541
2739 8450
2741 9088
2743 7
2744 11375
2745 4852
2746 2839
2748 9770
2749 10553
2751 11097
2754 8789
2755 11342
2756 2568
2758 4279
2759 2858
2761 493
2762 10396
2763 1358
2764 9181
2765 12127
2767 2431
2770 2072
2771 4464
2772 1197
2773 4003
2774 9817
2775 4181
2777 4303
2778 3910
2779 11489
2782 6974
2788 2949
2789 372
2790 5325
2791 3759
2792 441
2793 9453
2794 9412
2796 410
2798 3414
2803 7593
2804 1059
2805 3499
2806 6529
2807 9077
2808 11457
2809 3593
2810 12186
2811 43
2812 2685
2814 5865
2816 2513
2817 9054
2818 3092
2819 1444
2820 4727
2821 1579
2824 2339
2825 4025
2826 8789
2827 2247
2828 7094
2829 3090
2832 606
2833 638
2834 2095
2835 636
2836 7491
2837 8634
2838 1792
2840 11959
2841 1008
2842 10195
2844 4489
2846 10212
2847 7678
2849 6199
2850 3210
2853 7631
2856 3724
2858 3433
2859 6072
2860 10349
2861 10668
2862 10158
2863 749
2865 2228
2866 3790
2867 4416
2868 7791
2869 5723
2870 462 463
2872 2047
2873 215
2875 11848
2878 7321
2879 8260
2880 8288
2882 9161
2883 8567
2885 1345
2886 1269
2888 2243 10040
2889 4303
2893 3356
2894 5532
2895 5532
2896 5532
2897 4414
2898 440
2900 7676
2901 9035
2903 1197
2904 7690
2906 2265
2909 3149
2910 3771
2911 8277
2912 9773
2913 3592
2915 3355
2916 4288
2917 1004
2918 6906
2921 127
2922 799
2924 3735
2927 2518
2928 899
2929 4369
2930 798
2931 3580
2933 467
2934 2696
2935 465
2937 477
2940 1019
2943 4065
2945 3015
2946 6992
2947 9697
2948 647
2949 11539
2950 8246
2952 3002
2953 7695
2954 5431
2956 9480
2958 6663
2959 11411
2960 479
2961 8753
2963 895
2964 5302
2965 11055
2966 41
2967 6899
2968 2145
2969 7978
2970 1073
2971 4378
2972 8205
2973 570
2974 10518
2975 2209
2976 1513
2977 8610
2981 4936
2983 6068
2984 3764
2986 899
2987 1186
2988 8785
2989 3155
2990 10588
2992 3152
2993 5505
2995 9498
2996 2872
2998 11594
3001 11224
3003 597
3004 10077
3006 7042
3007 4465
3008 10698
3009 10344
3010 1503
3011 11388
3012 2732
3014 1737
3015 4528
3017 1830
3018 2245
3020 3032
3022 11714 1831
3023 2920
3025 8281
3026 4212
3027 7243
3029 4166
3034 3761
3036 2376
3037 233
3038 1900
3039 6979
3040 1564
3042 41
3043 1616
3044 5824
3045 8215
3046 336
3048 1466
3049 6223
3051 5687
3052 6246
3057 9831
3058 11740
3059 8202
3060 9193
3061 6975
3062 1966
3063 1378
3064 8273
3065 8950
3066 2684
3068 8881
3069 8867
3070 556
3071 10345
3072 2093
3076 9705
3077 5613
3078 5990
3079 1115
3080 11659
3081 723
3082 2347
3084 8069
3085 831
3086 831
3087 8652
3089 414
3090 4790
3091 1588
3092 4065
3093 5
3094 3790
3095 9851
3096 6434
3098 1564
3100 9651
3102 2451
3106 4973
3109 7571
3110 3448
3111 3759
3113 7757
3114 6512
3115 8511
3116 7269
3120 357
3121 8898
3122 6634
3124 7064
3126 1110
3127 11330
3128 7718
3129 5442
3130 2592
3131 1236
3132 8134
3133 1736
3135 6013
3137 11133
3138 10442
3139 4692
3140 716 1046
3142 1564 11103
3143 3501
3148 11754
3150 11829
3152 3763
3154 439
3155 559
3156 7520
3158 11831
3159 4783
3160 4125
3163 2670
3166 9473
3167 919
3168 7580
3170 5967
3171 469
3172 8964
3173 8964
3174 8964
3175 470
3177 8493
3179 753
3180 7301
3182 2122
3183 9930
3184 10360
3186 2679
3187 248
3188 7129
3189 8752
3190 8752
3193 1344
3194 9276
3195 1566
3196 1566
3199 6014
3200 6101
3202 10178
3203 7563
3205 3930
3206 4252
3207 9181
3208 2858
